10182829
10346895
10357423
14224182
1461232
15445928
14749173
1194835
1038444
15865446
11514215
15941376
10532918
16270873
16337771
16403855
10370235
13859711
16847071
16870546
16896068
11176758
16979251
16501387
17046578
17093069
13388370
17118631
11161054
17279932
1126277
13041760
12122105
17142565
1133520
11406160
17363230
12665646
17429764
17406938
17462677
1064537
17488823
1322721
17525677
17541147
17537077
17531006
17567680
17537511
17586035
17611530
17561887
17555099
17532363
17614364
17605272
17555390
17617415
17623105
17590273
17553914
17655242
17653656
17592433
17620482
17677940
17717234
17686965
17707235
17663914
17615762
17718436
17552953
17628778
17723504
17712894
17726736
17741909
17540003
17747099
17754166
17664339
17558079
17728606
17747022
17755610
17752586
17757592
17559094
17781000
17718515
17783339
17618854
17649326
17796498
17739806
17785354
17787711
17762423
17527287
17673779
17528260
17854795
17854116
17842491
17871126
17535717
17859803
17898735
17804373
17886291
17832059
17767097
17895359
17861075
17854246
17844554
1793320
17871029
17923014
17905381
17960053
17635916
17965978
17925972
17950937
17978500
17970410
17984364
17961107
17798250
17907174
17763743
17991468
17988826
17997682
17988900
17869895
17864505
17996794
17997157
17930793
18037156
18016269
18001404
17948991
18014974
18045958
18091010
17765426
18038227
18048259
18108491
18051186
17940628
18026778
18077924
18095131
18058703
18128525
18108134
18112128
18094952
18104214
18146900
18123976
18109459
18144757
18179007
17967890
18181245
18177610
18184534
18022733
18201667
18143407
18033216
18107730
18162585
17787073
18186448
18233315
18228095
17950166
18245125
18154475
18262763
18239320
18275491
18237813
18126839
18233310
18241832
18233133
18073171
18321552
18313772
18294114
18287976
18100164
18226331
18317791
18353478
18307726
18323820
18313188
18321901
18338501
18234518
18359233
18355664
18331762
18362119
18256724
18245476
18330429
17806423
18344623
18362170
18383960
18364655
18396109
18162273
18403467
18369573
18384988
18408257
18331566
18392955
18406495
18376784
18423831
18386511
18435291
18447961
18448776
18281615
18441123
18450432
18431772
18427177
18457152
18401162
18397237
18458613
18456392
18473435
18477346
18406117
18471854
18374599
18477834
18388116
18192774
1845134
18459016
18478940
18475716
18452605
18468337
18485160
18473938
18478842
18448841
18490760
18494789
18486390
18355567
18422609
18501658
18481856
18512437
18477384
18479629
18497702
18507023
18512580
18337040
18508294
18505884
18383924
18508686
18554546
18506827
18549482
18408677
18523129
18540578
18545399
18567953
18561736
18510342
18484840
18577430
18578769
18559014
18551354
18597044
18578678
18510524
18530055
18559402
18588988
18533519
18573130
18520311
18580527
18605056
18521483
18498884
18648671
18610663
18628361
18624270
18603849
18625267
18657647
18662477
18627649
18603770
18546112
18486437
18614978
18660567
18678812
18650453
18666556
18590572
18673986
18660821
18663113
18684042
18577351
18694439
18704345
18675254
18560449
18690812
18699423
18705318
18701550
18663118
18716071
18707450
18677223
18681309
18730263
18744345
18735667
18715904
18727961
18714880
18622484
18713279
18761132
18696212
18556438
18764949
18749520
18745630
18772736
18669322
18788884
18804059
18755196
18787918
18770360
18786761
18811964
18813301
18809015
18702549
18791744
18800125
18807594
18726894
18696130
1882210
18800410
18829643
18757397
18839312
18822949
18811371
18849968
18814602
18798872
18815891
18814782
18863630
18563090
18853368
18864956
18730337
18852016
18863129
18828847
18860758
18881310
18876894
18853373
18880927
18891322
18829488
18884123
18884194
18870179
18847457
18895757
18854236
18897446
18866427
18894016
18910087
18903254
18915807
18898505
18846061
18917632
18893699
18875047
18911767
18895605
18913865
18924725
18919993
18930941
18843600
18932093
18931081
18923239
18934755
1893720
18929743
18810597
18944941
18924817
18944411
18936384
18914148
18901879
18952865
18949265
18959638
18964701
18945721
18936428
18725590
18961934
18959607
18967264
18967284
18976956
18943417
18978139
18967408
18983103
18979223
18991455
18941512
18929681
18969515
18966042
18936578
18868583
19010174
18956302
19011348
18912671
18915583
18865076
18996297
18995013
19024865
18987642
17561931
19014007
18969355
19034447
18912895
19053593
19069177
19043000
18991543
18932280
18987542
18996668
19072715
19039014
18994184
19070267
18987350
19013550
19094253
19077161
19085728
19070365
19061054
19053353
19098177
19096723
19104954
19071666
19074059
19094853
19051874
19100112
19101925
19059056
19081174
19101138
19106361
19151591
19034301
19024725
19153037
18827739
19107736
19159625
19156345
19098013
19153045
19156931
19164630
19091524
19106325
19153207
19167222
19155903
19162331
19183753
19178236
19178174
19173875
19195797
19162350
19208550
19178225
19022948
19202882
19183746
19212938
19208303
19187803
19183652
19223932
19198027
19229136
19221248
19214842
19221000
19214810
1922886
19015095
19234453
19105360
19169135
19232058
19209580
19241948
19244960
19235280
19231999
19246931
19168720
19243788
19221214
19238686
19239057
19251570
19262370
19256750
19235302
19260479
19263493
19245221
19267403
19186085
19230648
19218165
19267928
19270927
1927972
19069135
19248109
19284271
19253002
19282895
19276748
19188540
19222659
19285405
19292532
19288015
19256483
19227874
19269433
19242310
19295199
19254548
19236531
19298342
19293915
19295302
19282987
19312592
19303978
19274606
19307947
19304298
19315175
19315820
19285773
19299674
19333391
19315042
19314313
19323077
19308143
19340155
19320554
19317929
19299714
19329242
19315151
19351862
19337141
19305283
19347618
19279626
19341951
19363268
19352159
19276624
19355350
19365529
19217016
19334688
19316123
19347494
19365423
1933801
19373287
19349204
19381147
19292892
19369213
19391668
19384807
19353950
19379771
19396152
19385304
19408678
19322829
19350282
19389061
19352101
19394235
19398242
19396714
19409609
19403860
19410827
19415058
19164811
19376557
19385914
19417713
19273209
19428816
19265481
19399307
19425593
19435876
19423145
19394136
19420395
19432514
19424434
19423223
19438283
19448074
19437719
19334954
19459947
19442623
19433024
19431704
19438975
19439470
19417759
19462944
19412222
19471445
19465429
19466255
19447974
19450785
19460661
19443887
19459994
19496524
19407948
19381121
19457180
19486448
19470644
19425623
19478015
19509662
19501962
19498870
19487742
19511006
19481482
19500097
19512562
19542300
19406351
19540774
19428613
1953372
19498675
19549197
19543863
19555014
19543367
19410916
19547316
19492091
19555920
19493852
19471522
19508569
19499614
19565995
19549521
19553679
19541222
19546868
19452145
19569959
19564083
19572053
19555968
19582082
19581206
19560989
19567856
19584898
19557625
19550215
19578677
19578760
19585004
19596898
19566269
19600309
19576389
19477647
19458156
19602942
19599607
19583770
19613953
19570399
19575019
19614391
19586819
19576088
19601269
19577469
19589214
19615793
19615677
19604534
19603078
19604334
19619626
19620061
19592148
19507122
19618932
19603324
19633866
19628727
19618886
19621847
19588221
19633152
19630465
19630483
19619184
19635776
19601524
19653622
19628114
19655234
19593115
19655114
19623025
19586167
19658313
19621897
19658344
19659109
19658416
19664564
19664684
19622258
19671929
19641738
19659192
19664644
19655519
19640423
19628800
19679264
19678661
19676420
19645990
19664643
19667454
19667468
19661795
19680762
19672027
19665668
19695552
19674008
19635233
19692320
19699817
19697330
19655086
19703142
19673408
19697782
19679871
19707892
19685710
19710092
19711308
19709087
19692543
19671555
19700666
19704495
19713274
19709838
19700787
19667424
19728327
19723459
19730447
19713052
19739117
19712105
19751106
19697773
19681359
19717653
19766650
19739338
19719724
19764801
19726298
19762895
19776345
19770411
19752685
19755209
19652129
19755271
19752241
19774952
19768431
19622054
19727219
19769458
19780447
19676481
19767815
19717595
19544379
19785551
19810742
19825383
19682775
19798297
19806804
19811725
19814227
19822960
19781799
19826318
19780542
19827174
19775023
19783098
19791357
19830654
19832551
19800711
19827298
19838065
19806742
19789000
19836600
19826035
19830388
19844674
19829421
19844996
19846078
19827321
19838260
19836829
19841113
19835503
19850431
19841156
19852887
19835084
19797850
19798226
19849760
19847949
19829053
19851657
19853285
19871729
19867842
19787352
19878575
19827112
19873084
19859768
19854388
19884100
19838530
19736237
19850484
19867879
19876569
19881543
19825385
19855011
19864770
19895389
19842545
19861111
19881394
19894663
19884638
19903254
19846737
19893239
19887116
19906075
19934119
19898157
19922632
19936247
19895309
19914952
19937244
19876856
19941725
19943536
19949502
19944522
19882493
19936274
19944462
19951586
19947179
19944524
19871720
19927565
19951058
19928682
19954982
19953236
19907236
19955787
1995268
19952867
19952745
19954783
19907711
19964805
19952884
19899785
19968069
19959360
19955496
19944377
19962115
19948161
19969332
19952873
19957930
19973447
19969121
19959099
19976724
19979986
19976770
19978166
19962489
19948074
19991737
19973867
19852894
19993712
19994839
19972272
19996064
19967093
19971649
19992319
20003624
20014077
19981166
19966971
19906455
20007779
19993897
19714309
19998858
20017207
20011184
20002795
20033215
20036107
20036151
20032079
20027483
19888711
19989695
20038349
19983636
20005492
20038336
20046337
20018780
20042167
20002866
20049479
20045977
20054922
20063844
19952633
20043222
20062878
20069330
20059212
2003825
20056037
20053382
19960737
20065782
20061767
20070981
20071319
20075841
20067707
20025472
20075911
20079343
20072921
20079037
20017260
20054552
20070230
20083661
20075713
20073727
20080252
20064057
20082563
19999886
20046213
20080321
20088136
20085712
20090382
20085622
20085122
20043490
20046056
20088324
20088249
20097750
20077405
20093591
20095306
20096754
20091784
20097943
20096578
20093699
20095304
20104756
20071466
20072459
20095194
20097795
20096403
20113687
20083032
20100047
20106999
20107578
20096448
20093405
20111493
20106907
20127034
20126287
20116039
20124356
20102885
20126311
20100289
20132133
20127991
20109976
20115860
20118111
20128387
20134210
20128465
20143646
20132163
20134540
20123991
20126303
20153264
20134629
20130365
20113866
20009640
20145574
20148569
20145213
20169649
20172185
20150338
20168331
20146861
20179122
20174019
20175002
20155081
20174828
20138786
20120189
20195438
20195518
20103117
20162037
20176917
19986719
20198155
20184409
20195809
20196792
20160474
20203092
20019723
20207421
20210868
20205103
20184299
20198493
20173113
20171015
20180941
20149418
20162381
20195241
20199634
20214615
20216118
20216620
20218130
20237853
20212171
20150716
20230659
20199900
20203925
20213865
20251893
20249918
20251993
20254462
20134539
20219855
20183175
20264024
20259334
20267392
20265295
20215013
20273025
20223381
20252095
20080139
20229061
20276311
20276672
20245253
20265477
20215679
20286560
20255156
20236651
20294359
20246204
20237183
20283739
20279155
20267840
20298913
20294522
20286535
20286525
20305865
20302770
20291330
20302797
20304363
20291296
20305989
20280687
20303725
20264808
20302800
20313600
20297756
20310354
20320564
20282043
20315883
20314899
20304574
20316756
20233407
20306743
20320995
20309497
20320184
20334479
20335817
20313637
20336401
20325417
20336421
20340537
20339355
20258078
20345088
20337976
20347418
20343604
20336541
20349303
20351182
20348317
20327198
20350938
20351648
20355748
20360745
20342246
20365211
20349176
20356542
20367145
20325510
20361021
20345969
20365461
20351077
20297695
20364693
20374905
20183160
20328906
20354068
20269968
20367749
20373004
20371954
20381910
20383662
20375105
20386822
20388406
20382458
20368058
20359483
20372272
20317699
20369738
20386788
20393549
20389552
20388400
20391076
20379589
20391224
20391333
20380238
20383870
20390720
20394418
20392624
20393487
20402387
20400684
20401905
20390014
20393858
20399534
20398777
20395422
20376079
20407018
20396634
20411245
20411533
20386889
20408081
20410218
20395313
20410484
20410292
20417613
20370019
20416699
20420837
20421814
20396708
20397712
20302621
20418297
20421479
20403704
20427508
20428147
20392588
20426414
20425985
20437783
20426973
20410940
20415951
20434509
20442005
20427949
20425306
20426514
20443294
20301493
20439296
20446400
20441303
20420843
20403833
20445934
20439582
20450295
20308993
20439203
20439021
20454138
20430149
20450670
20439433
20455913
20451285
20420565
20450258
20450686
20457207
20434583
20461097
20433004
20449283
20457259
20442457
20470552
20462913
20462059
20470809
20465405
20435120
20443308
20472464
20475937
20462339
20465923
20473412
20450084
20467558
20462740
20462717
20477025
20462686
20480107
20482137
20442300
20476915
20485192
20480635
20491438
20465549
20494307
20478740
20455853
20494542
20475880
20496959
20472911
20488694
20477480
20495553
20485205
20497344
20499148
20442753
20508303
20502750
20481768
20504886
20497869
20508394
20512423
20459993
20505561
20513082
20507200
20505462
20489022
20505426
20515890
20517167
20514984
20512927
20485138
20491667
20521618
20503349
20507903
20510988
20523298
20517173
20514053
20480509
20539596
20514007
20522744
20519589
20520263
20542702
20543865
20544523
20525223
20545967
20528225
20521340
20532146
20533810
20540783
20550134
20557657
20541830
20545848
20550913
20525181
20561586
20511492
20557926
20544237
20534391
20512986
20558927
20559094
20563786
20561817
20564936
20572083
20552051
20546258
20569007
20557753
20580376
20547594
20562801
20571695
20573417
20576481
20586791
20556101
20565861
20591915
20566701
20584976
20577963
20576126
20584966
20582729
20549276
20583432
20599200
20586008
20446333
20592851
20599683
20599971
20530409
20586969
20596980
20606177
20585928
20599259
20567406
20515948
20608193
20595023
20603681
20602622
20613772
20612472
20611081
20591033
20602297
2061356
20603246
20606184
20608589
20617453
20620802
20621692
20579466
20619767
20621604
20600597
20618693
20627421
20621270
20609226
20616636
20629061
20619532
20629762
20631166
20579578
20594407
20640710
20639270
20632376
20602595
20624753
20637045
20628265
20648622
20617476
20640930
20648334
20644242
20650200
20648332
20603875
20627062
20651544
20622275
20651700
20645229
20652656
20654407
20648881
20630991
20648684
20614441
20656491
20665546
20659874
20666425
20663897
20643437
20647715
20655669
20636971
20666768
20617129
20667041
20570052
20666958
20666570
20680717
20666973
20657521
20671735
20683349
20686826
20670390
20677225
20662819
20672927
20687838
20687552
20659875
20659856
20668073
20689129
20686325
20696890
20689213
20686912
20698242
20653305
20694726
20694452
20679289
20693191
20699254
20702516
20630807
20703414
20652733
20701064
20703168
20706424
20700018
20712382
20674715
20707895
20697870
20715654
20698210
20711388
20717177
20703708
20705969
20705597
20706783
20711296
20719917
20713168
20721526
20723566
20717568
20697539
20727505
20721578
20726426
20726254
20729828
20728626
20719066
20729682
20726932
20642314
20730453
20724998
20725102
20729510
20733104
20733187
20717180
20740394
20740376
20714334
20744431
20740626
20744488
20742364
20718037
20739826
20711265
20745785
20732674
20703701
20744745
20746082
20740732
20753148
20744806
20756289
20741816
20755538
20747530
20758399
20760579
20735499
20751772
20758968
20754950
20761903
20760969
20763239
20761904
20766403
20728619
20734259
20738951
20768685
20767308
20768851
20739424
20763803
20761946
20763648
20769075
20768895
20766570
20774018
20776124
20770347
20765003
20766670
20764901
20761895
20763985
20751456
20779480
20781037
20779943
20775817
20778830
20786225
20748388
20779564
20774168
20783347
20695572
20782084
20675502
20789996
20788390
20778032
20775548
20785867
20769192
20792181
20795546
20778033
20792090
20793236
20786312
20790872
20794706
20794290
20806894
20795395
20802097
20810284
20782075
20799722
20813388
20798722
20774572
20779619
20806026
20791864
20790871
20808015
20820959
20821561
20813561
20821609
20821655
20810222
20823072
20788664
20815557
20823071
20826925
20827889
20747126
20797275
20823765
20811468
20827599
20823235
20824437
20830598
20828001
20828966
20831139
20827998
20839572
20840183
20830895
20823429
20837924
20724612
20839705
20839869
20834892
20841530
20839619
20842779
20807865
20840231
20842020
20809711
20830812
20843487
20843998
20842818
20842705
20846331
20844994
20841935
20845395
20844410
20795274
20843110
20838817
20849765
20819004
20847160
20851597
20848063
20832495
2085297
20842241
20846511
20852242
20845306
20844963
20853416
20851370
20853457
20846699
20854809
20814545
20849948
20853262
20849776
20844695
20857772
20849875
20857220
20859997
20858518
20863625
20856217
20860204
20854780
20857807
20851141
20864188
20862323
20854857
20854639
20862091
20857818
20865324
20869688
20854587
20870240
20862722
20858268
20863856
20870191
20845426
20861387
20869979
20865360
20863894
20875974
20875176
20866766
20875020
20875042
20876546
20866866
20865308
20863757
20873150
20880711
20877306
20880302
20865223
20878582
20882897
20878921
20883296
20879730
20880368
20874707
20888423
20887334
20887292
20890108
20890005
20889957
20890779
20890114
20889578
20890456
20869673
20665212
20890539
20890999
20870108
20887152
20890879
20890582
20873567
20889437
20968997
20888517
20967747
20966997
20886453
20967916
20967663
20970385
20967633
20816611
20877331
20969035
20856118
20970765
20889556
20971466
20971833
20975492
20974846
20968008
20976967
20969488
20974248
20971423
20972381
20978370
20973878
20980462
20970693
20978506
20981959
20983646
20966959
20971109
20985540
20974421
20984995
20982494
20972132
20976973
20986576
20985657
20980650
20970764
20988057
20985830
20975936
20992180
20992978
20873114
20978400
20977114
20981036
20983684
20995923
20993021
20991051
21002681
20991374
21004640
20998710
21004829
21004129
21002840
20994518
20992626
20977042
20988387
20992154
20993517
21008730
21008619
21008778
21007925
21010618
21003271
21010911
20990652
21015196
21013669
21011030
21006056
21007205
21002800
21019132
21010543
21020422
20992847
21020470
21015753
21022941
21012544
21012585
21021805
21026536
21028525
21021742
21024403
21023180
21010613
21029359
20994027
21029364
21028698
21036766
21028906
21040453
21016129
21038857
21043547
21021825
21011995
21040669
21039230
21048220
21042222
21037000
21035554
21049432
21047272
20996732
21049478
21044617
21050270
21043753
21036174
21054016
21047170
21052132
21049488
21054630
21052768
21053958
21054465
21050856
21054117
21055824
21032810
21056812
21056810
21055155
20988924
21017362
21064707
21056615
21002698
21066138
21063907
21056177
21065570
21062689
21049074
21036993
21064623
21069634
21068568
21070329
21052069
21071051
21029372
21035261
21069877
21054798
21072828
21072421
21055190
21071689
21074522
21077753
2107936
21079105
21078364
21078840
21076012
21074695
21080146
21081371
21063029
21085454
21078344
21071241
21060146
21078415
21053016
21091643
21077041
21082243
21083498
21090161
21087633
21083907
21089314
21095400
21094976
21087300
21095934
21101265
21080275
21093442
21097167
21098805
21098318
21103214
21102963
21079958
21100543
21094965
21055164
21107404
21103549
21072228
21107635
21091581
21085456
21110203
21110260
21110407
21103140
21071018
21120891
21104162
21113328
21120818
21112180
21109294
21096767
21106500
21124542
21126661
21089261
21123504
21124773
21122513
21104191
21127171
21101591
21127518
21109798
21127589
21123643
21128530
21136855
21123815
21132145
21132968
21124293
21109678
21126563
21130924
21136629
21122530
21137390
21072753
21140995
21104083
21130792
21142503
21139238
21131959
21133670
21138073
21147752
21148002
21139566
21142726
21140569
21151057
21141054
21148613
21153764
21144277
21154150
21152377
21158311
21155008
21157103
21153811
21161239
21144300
21155687
21156867
21131832
21152124
21138708
21165968
21162551
20998424
21168416
21146544
21123501
21162881
21172250
21171934
21150195
21159588
21171847
21174224
21173563
21172879
21174730
21162526
21159686
21123919
21170974
21153066
21182774
21179378
21166487
21163743
21179011
21171813
21183813
21185333
21175546
21175212
21178846
21170533
21182933
21178918
21186045
21175213
21186660
21202634
21178306
21185310
21181828
21205112
21187064
21200915
21140283
21210009
21182000
21205686
21186039
21186813
21204457
21206470
2121515
21187029
21211376
21216672
21210146
21214184
21211491
21209372
21206458
21219460
21221010
21212566
21218036
21218057
21206598
21223174
21220106
21170926
21219608
21215990
21222363
21223448
21165131
21232388
21229244
21224180
21221011
21224016
21233394
21226569
21231415
21238739
21231540
21226482
21226343
21214671
21240557
21238235
21183984
21236262
21242769
21237754
21235843
21230000
21242144
21244850
21242651
21229738
21224111
21242628
21241607
21234546
21246745
21250945
21249141
21250040
21250154
21224122
21251880
21253058
21245114
21251063
21249982
21245221
21254258
21252602
21254323
21254685
21257121
21241342
21257295
21242991
21247847
21251509
21258432
21024433
21257146
21259190
21245224
21247524
21254413
21241024
21258602
21263237
21255571
21266182
21262463
21258007
21262712
21265841
21266540
21265928
21262884
21252358
21265232
21268057
21263488
21267461
21270301
21273643
21266401
21267473
21254492
21271868
21238220
21270546
21270406
21273623
21272011
21270809
21278500
21267672
21279821
21282607
21229472
21290663
21278607
21278326
21254265
21257474
21281968
21284589
21291456
21285790
21279498
21287612
21241874
21286152
21291099
21292104
21290948
21280830
21296434
21259754
21295166
21291111
21286424
21284416
21298448
21293563
21293685
21293706
21298897
21280382
21299706
21263744
21296767
21296858
21300723
21295243
21296479
21292564
21305630
21299157
21293692
21303620
2130706
21296733
21308139
21301879
21303735
21308496
21302838
21308315
21307073
21307348
21304737
21303462
21304456
21298905
21297900
21312301
21312975
21311611
21299424
21314350
21311861
21300610
21142651
21316037
21314576
21312029
21323790
21315443
21323861
21318682
21319527
21324743
21316089
21310685
21322237
21325610
21325850
21317399
21314381
21316247
21313354
21318834
21325869
21329390
21327386
21333270
21327724
21332011
21332092
21332832
21334640
21325179
21310905
21331977
21333896
21307302
21321792
21329111
21328785
21316228
21332093
21332035
21337361
21338860
21339178
21339066
21339686
21307097
21337480
21334322
21338084
21342480
21339688
21291475
21338414
21340367
21336771
21319787
21334787
21338994
21340826
21336806
21342435
21342607
21339524
21342814
21345553
21342794
21345468
21350832
21342797
21337310
21346375
21351523
21344574
21352539
21344557
21340904
21340935
21334908
21349923
21353961
21350855
21354137
21355050
21346989
21358367
21352659
21344905
21360649
21345160
21344847
21360480
21353566
21356044
21361887
21332380
21360841
21358085
21359529
21361186
21365075
21362840
21353658
21343911
21359518
21364285
21355243
21223672
21359680
21367878
21365723
21366815
21369441
21368186
21365288
21367583
21365375
21363150
21369453
21371241
21359571
21342048
21367431
21373737
21367720
21371408
21371240
21361970
21373600
21371262
21372155
21358442
2137558
21375699
21377735
21373710
21383969
21371749
21376052
21376040
21375150
21375732
21343865
21380467
21364618
21393173
21375552
21384189
21362133
21390135
21355254
21373479
21384473
21393312
21398256
21396159
21385354
21390702
21377247
21391727
21374463
21397751
21398282
21392895
21401096
21398874
21401773
21390324
21401613
21401839
21391492
21401557
21378838
21403562
21407207
21394050
21410779
21402627
21406716
21406363
21401008
21399958
21400633
21413105
21393373
21403591
21386313
21406273
21411426
21406726
21416131
21412559
21413675
21417215
21420732
21405601
21371303
21398938
21396581
21427096
21431858
21422930
21426875
21415891
21432097
21433488
21414550
21419690
21426105
21423178
21418672
21408999
21446278
21420153
21370413
21430739
21429118
21437585
21444713
21429269
21431880
21433565
21447584
21439567
21448816
21449351
21448862
21436386
21454631
21451040
21454796
21459184
21459164
21432082
21427776
21457677
21438147
21453140
21458646
21474216
21396111
21448409
21480189
21422726
21470377
21475005
21480752
21436144
21478674
21475443
21453450
21470110
21482717
21473961
21451087
21459188
21483636
21483701
21478036
21485048
21485041
2147627
21490562
21483530
21491835
21466516
21486310
21486685
21493278
21481965
21494155
21496004
21501930
21496783
21480125
21505639
21495308
21501999
21505410
21492863
21509099
21492024
21516961
21504521
21517401
21506030
21489784
21489115
21501607
21506054
21501990
21492053
21512080
21487798
21492040
21521366
21504772
21518582
21519404
21531045
2152783
21520178
21534937
21527511
21521855
21533417
21506046
21535739
21527583
21529119
21527452
21532844
21531919
21527161
21527877
21536586
21540476
21521430
21539343
21549492
21547770
21529706
21542403
21540347
21557876
21536642
21543117
21548115
21552571
21537374
21527564
21558114
21550814
21553914
21559680
21551051
21556790
21538031
21559230
21567276
21559331
21564863
21566834
21560213
21562600
21560712
21568187
21567317
21562291
21571458
21568519
21572911
21563203
21569819
21583622
21576627
2158325
21574188
21568178
21571874
21519422
21580825
21585972
21474556
21584159
21548161
21559545
21596618
21583748
21575344
21584605
21591776
21599990
21593228
21593990
21595210
21554888
21596492
21588318
21587812
21603025
21598044
21600906
21431695
21599412
21605253
21603731
21609772
21606319
21596657
21603312
21506795
21586642
21601594
21609310
21594011
21611500
21604433
21607660
21611777
21612305
21609009
21617434
21607665
21482632
21623151
21617438
21618921
21618889
21567658
21623387
21612641
21622459
21616419
21620545
21630191
21632391
21613380
21629324
21614267
21635391
21617925
21624966
21633293
21624692
21626793
21639106
21643341
21613780
21637555
21644310
21644530
21644537
21630787
21625637
21648393
21653713
21646566
21640573
21641956
21646631
21661834
21648246
21633756
21648202
21648585
21643357
21628420
21660651
21634155
21662268
21660479
21646698
21656076
21672683
21673332
21674905
21658783
21673639
21670570
21644947
21675944
21662115
21676493
21677877
21649741
21675012
21669316
21674524
21587359
21673472
21681449
21678923
21681373
21682585
21574122
21653663
21685805
21673551
21679703
21692640
21684783
21622818
21688046
21683312
21694786
21658118
21675016
21696422
21685976
21699482
21693112
21697338
21699294
21699512
21697093
21697866
21688861
21706962
21706430
21707821
21703032
21699514
21709736
21698214
21713026
21708007
21714745
21714778
21702132
21713177
21700167
21720885
21696538
21710454
21720085
21715946
21713548
21722640
21719856
21734854
21734920
21724325
21692680
21678102
21716957
21728852
21734837
21726482
21700902
21736865
21721199
21731030
21730788
21740177
21739605
21734957
21746434
21740643
21737578
21734953
21709981
21742498
21727159
21738183
21745077
21738446
21752376
21743587
21748730
21745442
21753194
21750821
21748030
21752524
21754561
21754559
21754765
21755208
21729411
21756530
21761277
21742629
21735204
21749320
21748616
21760776
21723745
21739492
21750995
21758849
21757626
21765753
21759626
21762630
21763942
21750994
21762753
21753577
21768945
21768014
21770753
21770247
21772277
21721450
21774668
21756529
21773349
21772403
21770981
21771050
21777505
21776105
21761357
21758206
21780972
21772444
21783337
21775010
22049219
21765135
21776790
21780711
21777881
21769491
22046906
21778620
22050868
21784212
22051075
21689482
22068218
22051517
22055193
22064197
22047099
22049673
21781148
22053733
22058584
22081242
21765511
22070026
22064317
22105355
22093876
22085687
21780697
22055039
22067008
22098225
22126292
22047540
2659921
2449012
2218965
2434700
261720
22082874
22100507
22046956
2853954
22052511
266162
232935
2344730
2723291
258491
2844605
22067667
2794746
21763639
3068466
3145202
2782672
3071440
21774886
2284606
3094486
3027954
3224471
329487
2974055
2328673
22068614
2680737
3239931
3401273
3478956
3183228
3530310
2434578
3639982
3694470
3100664
3145965
3207993
3395973
3644082
3714012
3771753
3291453
3695986
3212213
3634198
2891849
394018
3707265
3697271
3274448
3695656
3522580
3890034
4570290
4073612
448747
426340
4588521
399096
447101
3537387
458629
4625638
4647470
494974
476166
4009832
434958
3279288
4718359
3639444
3664016
3762578
4589770
469784
5306386
548740
500888
563209
4632323
541192
5422127
5563844
4569096
5653539
5327742
451671
473450
5075400
6080019
4883347
5309091
505611
605989
5653736
613928
6143306
6115727
5950400
624711
6356901
5632117
5926450
5322569
5653723
5703934
634354
6542924
6245438
6379465
6538160
6551266
244566
594129
6639945
496653
598386
6578309
6442639
6734244
6812551
6732208
5403947
6775112
6792780
495314
6811356
6578108
6445985
6782912
6471034
6382790
6879077
6371914
389530
6886665
6907382
615129
7126693
681012
7144308
6406665
7250995
717258
7339526
7195474
7050448
7367138
7343288
7040161
7405430
7342007
7157828
7503234
6885384
7375745
7505697
7158502
7408001
7468946
7481151
6880950
7629221
7546030
7528276
7429508
6115670
762528
7109159
7433173
7572022
7508688
7653835
7651037
691972
7736650
7708316
726255
7037362
7561952
7657785
7743906
7750729
7759636
7786090
7537134
7654948
788609
7931359
7916205
7714341
7928429
7655947
7986584
2968682
7922261
7933368
6876146
7965619
7813592
8034054
7952886
7655623
7940232
8089924
8008928
8153314
7821186
8170832
8083584
8090885
8135407
8192208
8082038
7920919
8091459
827580
8284684
8219958
7932728
8194761
7431799
8027908
8177961
8305741
7658154
8178433
8323905
8007550
8128510
8398088
8456040
8313028
7045424
8454058
837900
8375180
8435289
8380879
8493851
8452038
8597210
8479470
8415051
7740339
8533392
8630922
8322725
8428152
8172214
8597848
8674694
8617563
8645477
8457885
8606609
8555111
8699561
7686646
8681180
8658510
8741571
8713409
8731384
8768965
7393366
8780966
8713639
8783971
8766100
8503884
8793350
8671143
8720182
8213661
8522579
8817071
8784454
8789452
8696118
8868609
8848816
8755744
8866585
8868170
8899006
8926945
8991090
8969651
9020404
8465919
8878020
8880162
9037850
8700226
8901967
9153601
9132412
9037065
9088687
8974652
8728840
9168597
9245529
8987324
9124485
9142118
9162121
9099606
9254675
9259387
9302851
9185600
9541734
965537
8968292
9659195
9586861
9432419
8549610
9431339
9655617
9550046
9017752
980409
8942014
9701734
9376301
983948
979375
988661
9364777
9748172
9657248
9770085
8950286
7725016
9639092
9929157
9576413
976378
8058744
8786363
8289373
