16350438
1634969
1324895
14058108
13409360
16288911
16287336
15085239
17057259
17170585
15918966
17203921
10115360
15752925
16247424
17053886
16880224
10679927
16876606
16786496
1026045
17388509
1125624
17304642
15935585
17556375
17538364
17537426
17544795
17527977
17574966
17552982
17527433
17580706
17538827
17573185
17567157
17542259
17590021
17526758
17536887
17537487
17518814
17595691
17528281
17577958
17526762
17628567
17530407
17624735
17599619
17590820
17632918
17601884
17529083
17645120
17655597
17636977
17621414
17686194
17642255
17586127
17666015
17718166
17638002
17696425
17712482
17672120
17742953
17580133
17696408
17670711
17728061
17605204
17743447
17648303
17698858
17544798
17677610
17743427
17743823
17625784
17755401
17749394
17763371
17748504
17746063
17746136
17773693
17709551
17771900
17698943
17751411
17683652
17598026
17787681
17781806
17804789
17767317
17749626
17830968
17803125
17814882
17724064
17755128
17765536
17696400
17808147
17806828
17789914
17832022
17847146
17843899
17838328
17777001
17802943
17767968
17813848
17867334
17846001
17849110
17854528
17831901
17868601
17875221
17849797
17842074
17936189
17899968
17887438
17940318
17880293
17937125
17659687
17945739
17871129
17884010
17950290
17993558
17872511
17905921
17975259
17822144
17972867
17962877
17995780
17830606
17974410
18016283
18011882
17782020
17975263
18021850
17924504
17988918
18022749
18056776
18034787
17837134
18018359
18056802
18025421
18031248
18049819
18026953
17759130
17933565
18086679
18055467
18020688
18069847
18088112
17934576
18073232
18123559
18119611
18067505
18120288
18082457
18022144
18154643
18059290
18152743
18123756
18164250
18150372
18144925
18088662
18094682
18147956
18174161
18189550
18209274
18009488
17930781
18201657
18149488
18190970
18172369
18188996
18163048
18072057
18148081
18187766
18234044
18221911
17838538
18229871
18181272
18198827
18248874
18234306
18213675
18313826
18294290
18336189
18313348
18329862
18150893
18229105
18193311
18311359
18317301
18339095
18162837
18340300
18329930
18035002
18336386
18262591
18331453
18212232
18345247
18366776
18379650
18389185
18386389
18334240
18406514
18377558
18369383
18421237
18390835
18342201
18410514
18320992
18452101
18422569
18427053
18468357
18362034
18440544
18344238
18390108
18414085
18343680
18453490
18477392
18316697
18475897
18478036
18478884
18474174
18473835
18397309
18481579
18381246
18484553
18505554
18490776
18508491
18523940
18512369
18517105
18442996
18522050
18530652
18237545
18467270
18428704
18540435
18493990
18532261
18503725
18544576
18505629
18546368
18534021
18547761
18552316
18551361
18528554
18511287
18565082
18474814
18560625
18529526
18581998
18528052
18532135
18532358
18581927
18447778
18569411
18545331
18595490
18599549
18601117
18606170
18608798
18594640
18585547
18566523
18481881
18575878
18626732
18585575
18613233
18664158
18624131
18601562
18662298
18610312
18675127
18599989
18610428
18599905
18668134
18675710
18683154
18649419
18585505
18598097
18685841
18704412
18678449
18661660
18670530
18689925
18720197
18671095
18574284
18724320
18650928
18695803
18690059
18696236
18468167
18727535
18670730
18736451
18697317
18734432
18734524
18730285
18592377
18711177
18729049
18710162
18734378
18706863
18746347
18744339
18759283
18721708
18761547
18719163
18742819
18601054
18734810
18749599
18760189
18774416
18784538
18721795
18749412
18738148
18763182
18775553
18796046
18780231
18760807
18785985
18807769
18799627
18776921
18797548
18749513
18813498
18810728
18813170
18806223
18799843
18821807
18748219
18820139
18822985
18751066
18798956
18829648
18832818
18833591
18754922
18831123
18822888
18833532
18833714
18854689
18856168
18829665
18863175
18853139
18798847
18305910
18821913
18840730
18687941
18821732
18869015
18865147
18843378
18832487
18881445
18863571
18860662
18873578
18882866
18737145
18727471
18881483
18873689
18891491
18910282
18868819
18876170
18830817
18895376
18897458
18916066
18890311
18898424
18888764
18910033
18860757
18917495
18917567
18837905
18913805
18836525
18899973
18915805
18927883
18929259
18915600
18891588
18919001
18804295
18930815
18934935
18938305
18940882
18929275
18938987
18899911
18936566
18922012
18956521
18950663
18935029
18951425
18945767
18936338
18966465
18961841
18953924
18927937
18947142
18952704
18971246
18976979
18958468
18952891
18967249
18982929
18932587
18980545
18979684
18975110
18945804
18940139
18991477
18820673
18983003
18977081
18987999
18979278
18981014
18991050
18982973
17724013
19006076
19004274
18977083
19002476
19000128
19016073
18987496
18914507
18993157
19014126
19011477
18966057
18995522
18979199
19033444
19018982
18996619
19015815
19046828
19032336
19019165
19006953
19016220
19036105
19019760
18984363
19058900
18965734
19009059
19070395
19044241
1906362
19066531
19072744
18995070
19033356
19062444
19008927
19075495
18928032
1909283
19073537
19092669
19041113
19061074
19081235
19066486
19155746
19080094
19108338
19153903
19088127
19159677
19157030
19033961
19073005
19098041
19028678
19101842
19066692
19167126
19168501
19176848
19171622
19176676
19179366
19158205
1905208
19170354
19095424
19204133
19182094
19180633
19078733
19176744
19183448
19097103
19186118
19200130
19165050
19090498
19152046
19223904
19220885
19049918
19221320
19213172
19208224
19181149
19230151
19222340
19183607
19206505
19209832
19243944
19230321
19231675
19176925
19238859
19242499
19236547
19248185
19215780
19211929
18975595
19260156
19246484
19236116
19262298
19262481
19267682
19262369
19183835
19262466
19267857
19269336
19243771
19267944
19263393
19248217
19269770
19272135
19269752
19271130
19265433
19280752
19255547
19232012
19277317
19274036
19245109
19179463
19271023
19296757
19289819
19302776
19273931
19306479
19312760
19300353
19272247
19239084
19302530
19272000
19322793
19205567
19283000
19250958
19272226
19313343
19275573
19330593
19315187
19332070
19320411
19324719
19332397
18979190
19339092
19323081
19334767
19282694
19223558
19340407
19344547
19347488
19282930
19354108
19330749
19343232
19357615
19344488
19360547
19308213
19307991
19347677
19375385
19354268
19365523
19377777
19372191
19359523
19367349
19327887
19388789
19396707
19398095
19401060
1934152
19402604
19381436
19336043
19399939
19376631
19404027
19403719
19299980
19409159
19322963
19407640
19371647
1939308
19284063
19383076
19369879
19333371
19412404
19416808
19416379
19406018
19359510
19421870
19409492
19426206
19425580
19430414
19427701
19389919
19422254
19430510
19420398
19443912
19420199
19430526
19427615
19287838
19439617
19432779
19447969
19455864
19420532
19454779
19455755
19414821
19329283
19394134
19456097
19470998
19431772
19426301
19432883
19403819
19460006
19447943
19423251
19452429
19469724
19477302
19463522
19494603
19456937
19495778
19494289
19493107
19481503
19395400
19479656
19505981
19457153
19511158
19475317
19409657
19511093
1952573
19471605
19496077
19450841
19546626
19497912
19498877
19543753
19509904
19457405
19543151
19495631
19556255
19547804
19512987
19543513
19556520
19540110
19559947
19553624
19462744
19560544
19560745
19500746
19502539
19550694
19574568
19547764
19563068
19563592
19569103
19550377
19589400
19577379
19546579
19566322
19422162
19584877
19576915
19593904
19585734
19589718
19601118
19588097
19579024
19570507
19589431
19596911
19590975
19606189
19545212
19598010
19542500
19578634
19609750
19602016
19618203
19588127
19616498
19619441
19615712
19603878
19624371
19588448
19620289
19608962
19492828
19609087
19591207
19620419
19609658
19615584
19628569
19635241
19575045
19643608
19618219
19635367
19630331
19648243
19636813
19637781
19640226
19455738
19614119
19642545
19647210
19634485
19656950
19645907
19591507
19661688
19660493
19657209
19660019
19660518
19665588
1965080
19625378
19667253
19588895
19618337
19669063
19672086
19655206
19671977
19679329
19662132
19680971
19608869
19656867
19673358
19655504
19653957
19682347
19679232
19682584
19630223
19636724
19684353
19686980
19692686
19691203
19657674
19668303
19669318
19692651
19688717
19696827
19689687
19694395
19599884
19703420
19702041
19708180
19669049
19695658
19689949
19715998
19705342
19697833
19705861
19695747
19704640
19721076
19697858
19712110
19686138
19681545
19706336
19753707
19716538
19755126
19757390
19761480
19695923
19696450
19741123
19725153
19740989
19676092
19670836
19764804
19766438
19770115
19712271
19754105
19780467
19782956
19784605
19739845
19677602
19742289
19764728
19774590
19769427
19780535
19792424
19793087
19796147
19799235
19780521
19781985
19775938
19806204
19791415
19745973
19675108
19812663
19722387
19793534
19794798
19795099
19817332
19787805
19817385
19826073
19808188
19834464
19764165
19813986
19822862
19803699
19816033
19841842
19840075
19821505
19839679
19848474
19835677
19845012
19761528
19849230
19853249
19856509
19834287
19852438
19857990
19823232
19847459
19857785
19843412
19854738
19866774
19849772
19855723
19864558
19867300
19869855
19867559
19821269
19779093
19866112
19880022
19879628
19731011
19797952
19854795
19873152
19850385
19871735
19880380
19876338
19873580
19890817
19880346
19876908
19803640
19876018
19883785
19896729
19887518
19859735
19911447
19859731
19898062
19873061
19896862
19886934
19895250
19870983
19912913
19915540
19904550
19915829
19885249
19921768
19902955
19925511
19910225
19916093
19934310
19933907
19943549
19893245
19793778
19937568
19944349
19944778
19929524
19948111
19928694
19898056
19962049
19944581
19898387
19972940
19948708
19973645
19962210
19967524
19950998
19985361
19927542
19914639
19985477
19938181
19944925
19989607
19993629
19923759
20002584
19981250
19968774
19949798
19995025
19958385
19961002
20007533
19988053
20023372
20004460
19983179
20022317
20020559
19908123
20001504
20024936
20025676
19978218
20018913
20023618
20007978
20037504
20028799
19983718
20022254
19944280
20023481
20043934
20052065
20042264
20030848
20015400
20034559
20036274
20053687
20049337
20049182
20052816
20055548
20052971
20043578
20056922
20006972
20057740
19997517
20002812
20054599
20064047
20028333
20038263
20036903
19697307
20059904
20061475
20063226
20059614
20072575
20056052
20065365
20072748
20063730
20071903
20072035
19783280
20042625
20067626
20081264
20059864
20082668
20075990
20086020
20085331
20068375
20083704
20057778
20087111
20068918
20079004
20078133
20096146
20069413
20098240
20093392
20054911
20087197
20086962
20095273
20102531
20085589
20105987
20077330
20073872
20099369
20100945
20110161
20115555
20100126
20098796
20109052
20091801
20121673
20065664
20111188
20119863
20088573
20134304
20097914
20116243
20131095
20101022
20127049
20074534
20130369
20119913
20141033
20114031
20134536
20154529
20120216
20147676
20136684
20060080
20160382
20152362
20154417
20077209
20149355
20171729
20175714
20159992
20171851
20164999
20169643
20158411
20102459
20175489
20159349
20179195
20198006
20198031
20197769
20181804
20188641
20204993
20210788
20210026
20213763
20211003
20152935
20209194
20215401
20195362
20152975
20218816
20204409
20195093
20200716
20167719
20112296
20227670
20222723
20225043
20226097
20223736
20230877
20249962
20242105
20162741
20229670
20192678
20235406
20222975
20250161
20215671
20256533
20246972
20161234
20251415
20238196
20261162
20233186
20258766
20172116
20211487
19914966
20262896
20255729
20222214
20274817
20261896
20270444
20259455
20279274
20118096
20083776
20280262
20279271
20274575
20251448
20274597
20259655
20285163
20275436
20295965
20274914
20293846
20227523
20281027
20293895
20298156
20293881
20289547
20286376
20304386
20291342
20296227
20299345
20289399
20230811
20302229
20289251
20268886
20282045
20311947
20291383
20317471
20298564
20289894
20323031
20309630
20322806
20323090
20314920
20330332
20328357
20317616
20322036
20305822
20331658
20310386
20338918
20313583
20340140
20324387
20310523
20339000
20266261
20339384
20347501
20339163
20342034
20339327
20343661
20277353
20337785
20331572
20316094
20350733
20300581
20347468
20336271
20350641
20356281
20350909
20358894
20354979
20304501
2032257
20358873
20350972
2035940
20362590
20356622
20368164
20349333
20345863
20358559
20361865
20352005
20354510
20357515
20335662
20372526
20364205
20349520
20357490
20375932
20368880
20380029
20374806
20279294
20383885
20374630
20385638
20361576
20371068
20389098
20386249
20389990
20378240
20392544
20383449
20393807
20397060
20394985
20392498
20378261
20395442
20395400
20353830
20386805
20396179
20378255
20403732
20392833
20397689
20394867
20407565
20398396
20411253
20409362
20363613
20400629
20402036
20397238
20340777
20405673
20412423
20415435
20406429
20421657
20414066
20329416
20418748
20388646
20400061
20393963
20363400
20414043
20419232
20421965
20386825
20420472
2042382
20401290
20424710
20426590
20423674
20444356
20444285
20435015
20444784
20424644
20441610
20428613
20417541
20439718
20447866
20450758
20445756
20418814
20435418
20414402
20454848
20450738
20431717
20448796
20451367
20449353
20437538
20450228
20463659
20444718
20433357
20456840
20426989
20457254
20448824
20463657
20428073
20464943
20467374
20464983
20464207
20466898
20471058
20455933
20461111
20464038
20465364
20428603
20455662
20466038
20363364
20475909
20468724
20469048
20467454
20460090
20470923
20473437
20473490
20477618
20480419
20474034
20477464
20483312
20490302
20448795
20475325
20470746
20472612
20426075
20493971
20454723
20472466
20489548
20485101
20489935
20492031
20494408
20492953
20505771
20488223
20505015
20491217
20497830
20487228
20506417
20486470
20507777
20509356
20507682
20492398
20481265
20488246
20505208
20506694
20511018
20518206
20517174
20509341
20513998
20521822
20512471
20511193
20509715
20518226
20521900
20514513
20518819
20515670
20522905
20523567
20524271
20526194
20521488
20530072
2050230
20521786
20491250
20523419
20531386
20526787
20529015
20528721
20507942
20531158
20529367
20528289
20526376
20524291
20530505
2053543
20537668
20537469
20522819
20536842
20533130
20541983
20538682
20544193
20540519
20536989
20534815
20542605
20552331
20488722
20544441
20539517
20562471
20532144
20556211
20544455
20553554
20541872
20558631
20545785
20527345
20572054
20577065
20557732
20572756
20469020
20568035
20586123
20579945
20506209
20581073
20506908
20553561
20559511
20563762
20570780
20592108
20587282
20590719
20592764
20587837
20595339
20554481
20486154
20594641
20584068
20596836
20598212
20594802
20599160
20603944
20599037
20583010
20599270
20570689
20598432
20578587
20602537
20605819
20605269
20611178
20615980
20603869
20539840
20580734
20539809
20599167
20580818
20618721
20615916
20605009
20620075
20600639
20617179
20620110
20618986
20617405
20606090
20612928
20629746
20624770
20627477
20632634
20620858
20606725
20631202
20636996
20617448
20636941
20609006
20625986
20639349
20603863
20637037
20638775
20647001
20640559
20649267
20634329
20650089
20645301
20615954
20651241
20557835
20654682
20637366
20639373
20658734
20656303
20620013
20645327
20627561
20654702
20657848
20655666
20638644
20597773
20660636
20658249
20643323
20665531
20668227
20612836
20664472
20657821
20655991
20648179
20660668
20672034
20668162
20657628
20661610
20668349
20672918
20659189
20674881
20665606
20665188
20668585
20686483
20682288
20680298
20671126
20692601
20658885
20682705
20693700
20692545
20693732
20698726
20660606
20669803
20700593
20661941
20689150
20702214
20670005
20671818
20693818
20692151
20692514
20677109
20709271
20699709
20699249
20705662
20713365
20708240
20698826
20683958
20686776
20712909
20709310
20722762
20705687
20649076
20719139
20635222
20721557
20728194
20732048
20703274
20712904
20690502
20727524
20728841
20721507
20729802
20726511
20674554
20733337
20733133
20740633
20712231
20718431
20723618
20651261
20719005
20744427
20743489
20735324
20711040
20744538
20744926
20749253
20749854
20750457
20750442
20730736
20741842
20738570
20709700
20752391
20753496
20744909
20746926
20736766
20754894
20703142
20758246
20756714
20740640
20759578
20757739
20756541
20758762
20757925
20755478
20763649
20769114
20759904
20768892
20760968
20772902
20709733
20765326
20767493
20774679
20770460
20773078
20774336
20767876
20765766
20776926
20773461
20763338
20775128
20778332
20776418
20776759
20775375
20735758
20781996
20736557
20782924
20779572
20785934
20787659
20756719
20787540
20769416
20790903
20770889
20788296
20782839
20784551
20784510
20792446
20788611
20782933
20770358
20792877
20767913
20763719
20798779
20799543
20794632
20788477
20791731
20797418
20792208
20800147
20799566
20801657
20803198
20802109
20798983
20805025
20784386
20756992
20793518
20799627
20751963
20788931
20806931
20804633
20803118
20811530
20811551
20810089
20803610
20808202
20763183
20811659
20796745
20803093
20798487
20800431
20811610
20812880
20811650
20812097
20798435
20807911
20807074
20816185
20813465
20816249
20819137
20812163
20813327
20806167
20782099
20732306
20822513
20814655
20820624
20817998
20824662
20820578
20828515
20828264
20830513
20832322
20818855
20830764
20810326
20838529
20823199
20839590
20824520
20834843
20833340
20842496
20837453
20803169
20816280
20830734
20843337
20842526
20810732
20832124
20846902
20841453
20841731
20848746
20831102
20851202
20831739
20843546
20842941
20849867
20820498
20849777
20856823
20858507
20851715
20847100
20859658
20851456
20854392
20845912
20855084
20860565
20846481
20848757
20859666
20856152
20836839
20827847
20862271
20860128
20859633
20862290
20865546
20862820
20867524
20864745
20870131
20845888
20861534
20861568
20847024
20864144
20862605
20849631
20867006
20869211
20873640
20861964
20826324
20863912
20873079
20870104
20877923
20875224
20876392
20876638
20875098
20861929
20879596
20877371
20873051
20879097
20880802
20878443
20880520
20878881
20882599
20887085
20883878
20885873
20875228
20868310
20887133
20878086
20842848
20886333
20966578
20874495
20849869
20966855
20876044
20866802
20966301
20887002
20967775
20967954
20891008
20888427
20883905
20890045
20970769
20970768
20970842
20873432
20969109
20874593
20889954
20891339
20970767
20966860
20974753
20978433
20970418
20973914
20978429
20979408
20985679
20973805
20968946
20988304
20983656
20976602
20973776
20979685
20992939
20988765
20988212
20975499
20989374
20995632
20988447
20993054
20887878
20882347
20995753
20883664
20972569
20970593
21000928
20996519
21004145
20985878
20994383
20994049
20999702
21004357
20998811
20986795
21007659
21003343
21006794
21006354
21005687
20973742
20982544
21000881
21001209
21009519
21007850
21004709
21007773
21009288
21006115
20866785
21001575
21006010
21006270
21010912
21013583
21018728
21014415
21004165
20995934
21019461
21017443
21007729
21024504
21022718
21020578
21016687
21010937
21024561
21009357
21013686
21018427
21010831
21019099
21024513
21020708
2102629
21028071
21020702
21008800
20971510
21029311
21019807
21038430
21012530
21043535
21038724
21028990
21039951
20967704
21037575
21041593
21038101
21026896
21047180
21037173
21044401
21038755
21019091
21044627
21049411
21047341
21047003
21004700
21044755
21050334
21031083
21047066
21040260
21053256
21050305
21050997
21038311
21010915
21054053
21036280
21063896
21030564
21053526
21061902
21058386
21050869
21060897
21025542
21050320
21054812
21052465
21069913
21069205
21063303
21060764
21074607
21072811
21077738
21070103
21077705
21075932
21071635
21078689
21069723
21070823
21070537
21069578
21078645
21059219
21072774
21055069
21077889
21071769
21069226
21082927
21066648
21077710
21088552
21083974
21089193
21086133
21089330
21097433
21086903
21087031
21082841
21078395
21092151
21097372
21087026
21085188
21092154
21093314
21084637
21104479
21098190
21080358
21088547
21101528
21101509
21101514
21103060
21074965
21091155
21092430
21099365
21112031
21107457
21114960
21107533
21099894
21116004
21048492
21120016
21116093
21101413
21112893
21115007
21088816
21122521
21108768
21124535
21118238
21112024
21112074
21124710
21125686
21127058
21130391
21122394
21122292
21117367
21130312
21113512
21130700
21104640
21135016
21107540
21136062
21122547
21131414
21128991
21141645
21138033
21135863
21139595
21142451
21140984
21138510
21133671
21129472
21137205
21142806
21124597
21147364
21148839
21149679
21142933
21141352
21138289
21143270
21147932
21149648
21150165
21144671
21150272
21147815
21152458
21120034
21128030
21152625
21155803
21154644
21157843
21155177
21157208
21161509
21152380
21157036
21162568
21151030
21158720
21141492
21151072
21167085
21167085
21164109
21166969
21156498
21167098
21144182
21059706
21162200
21167838
21163678
21156790
21167783
21169951
21164273
21174158
21172733
21131987
21170941
21174755
21162244
21178024
21178597
2116550
21169210
21175561
21180683
21103216
21142727
21178946
21177419
21168180
21159429
21182064
21180300
21178958
21176484
21182136
21178936
21181950
21183719
21183884
21171121
21173989
21181866
21172289
21172692
21206103
21185407
21182132
21184685
21184779
21207977
21202882
21206569
21203997
21209128
21182098
21209073
21182169
21202683
21220947
21211836
21183030
21215998
21221770
21207983
21220994
21204539
21221966
21216594
21222292
21221598
21220848
21210080
21229994
21224188
21210213
21228461
21224814
21231803
21216180
21228272
21147997
21225319
21223759
21231794
21237133
21182816
21237151
21216459
21236246
21241068
21202669
21236208
21232396
21233594
21231450
21236271
21102038
21229569
21222428
21244148
21243356
21244320
21231964
21248974
21240538
21249998
21231686
21245100
21254802
21256937
21251013
21241136
21254474
21250413
2125877
21263384
21264759
21242031
21255494
21264291
21243658
21261517
21261357
21263212
21268024
21261737
21248063
21265860
21245080
21269607
21266434
21267587
21266035
21270880
21268090
21267609
21268109
21206570
21272412
21265272
21258503
21270005
21270908
21270311
21274154
2127620
21273497
21276222
21276340
21270683
21241130
21276742
21231839
21268113
21276669
21271864
21281175
21168664
21277012
21283578
21281441
21273991
21276800
21279443
21287214
21277361
21277136
21278941
21293615
21291632
21281124
21284600
21278281
21291570
21293725
21273639
21291473
21291693
21293764
21228482
21293582
21295772
21296377
21299307
21282659
21299147
21276524
21299646
21296305
21303563
21295879
21295165
21304006
21305043
21309194
21305094
21302048
21309550
21297601
21275242
21291268
21309571
21310700
21285569
21309198
21304898
21309644
21310772
21313664
21315101
21291936
21299303
21311557
21306140
21317681
21316176
21315959
21316121
21313903
21312392
21319488
21319504
21318962
21316260
21319462
21323162
21323719
21325903
21315679
21324880
21327625
21324171
21313811
21315817
21323735
21303633
21327456
21327549
21307142
21325427
21325946
21334326
21336787
21336441
21333519
21329753
21337229
21247032
21317675
21339436
21315932
21343375
21339449
21343323
21340697
21331929
21337514
21337250
21339606
21343887
21348692
21247354
21348473
21342917
21343274
21346381
21328749
21341845
21350955
21343558
21354970
21334304
21293759
21357505
21356750
21355184
21334435
21357706
21338381
21358123
21357877
21318281
21355856
21366252
21349378
21315562
21364744
21358797
21367459
21344834
21368950
21351812
21364491
21372227
21359670
21369367
21367587
21365119
21369470
21360810
21367217
21369046
21368359
21366691
21368501
21370885
21352693
21376433
21381383
21371310
21372800
21381682
21367512
21367537
21369308
21373731
21385783
21382230
21313772
21373236
21377398
21377750
21376653
21385959
21390396
21381648
21388105
21391655
21392428
21394436
21396106
21384183
21387357
21374337
21391876
21400920
21395746
21400974
21395046
21399198
21400042
21390447
21398163
21389619
21401902
21372251
21407623
21392923
21390507
21420824
21385661
21420845
21404788
21385401
21415120
21420161
21404370
21428736
21426058
21408807
21411795
21431026
21417715
21401709
21393188
21424685
21430693
21425102
21433516
21423294
21432621
21403463
21430589
21438681
21400988
21404981
21429258
21434793
21433087
21433487
21432562
21421814
21433502
21439078
21443571
21441674
21440465
21435719
21445500
21393308
21457411
21443277
21459389
21443321
21444171
21459331
21439115
21432385
21454667
21452042
21465565
21440383
21463423
21437599
21377738
21446416
21445612
21476197
21448220
21470462
21442704
21470179
21481141
21473054
21476477
21481357
21466489
21485447
21476988
21478535
21470010
21490497
21478770
21410817
21481899
21501673
21463426
21501819
21501668
21498639
21495326
21354328
21478487
21495985
21485538
21501982
21489793
21505899
21501994
21502165
21508374
21504671
21440128
21501833
2150604
21506482
21525048
21517850
21459183
21523937
21520032
21506055
21497468
21508966
21526768
21493638
21509068
21521142
21506053
21504617
21480879
21534627
21469597
21505412
21533509
21525618
21541176
21534939
21548639
21526107
21541050
21531083
21551162
21484518
21540739
21532005
21454282
21529092
21540012
21544867
21539324
21527494
21546862
21533399
21549493
21562071
21531193
21554395
21550934
21547762
21551003
21564478
21552963
21524335
21557331
21562069
21556007
21566907
21565371
21565400
21566100
21570156
21567176
21561085
21568192
21569814
21568459
21563261
21567581
21575720
21567560
21570927
21570881
21568495
21573514
21581809
21579301
21573915
21557655
21576862
21581671
21577028
21572845
21584715
21580248
21584652
21552450
21577415
21585778
21575602
21581682
21549567
21578453
21574198
21583714
21549622
21583091
21585899
21559317
21594311
21593852
21589413
21587549
21582250
21587354
21600374
21595193
21583278
21597330
21604557
21590908
21595201
21555580
21601050
21603300
21591905
21604703
21595495
21596805
21600287
21596791
21612561
21597667
21607281
21609145
21624622
21618826
21596349
21623243
21620338
21616495
21618020
21603283
21582314
21624952
21602248
21610595
21629001
21624694
21621355
21595153
21623941
21626779
21624968
2164130
21630694
21620410
21633960
21638114
21622915
21624957
21648040
21610663
21633833
21638307
21653704
21633156
21638460
21649616
21639688
21656036
21651330
21557232
21656055
21659341
21661006
21633148
21644120
21660646
21632252
21669681
21643741
21642400
21668234
21678744
21672816
21654557
21596491
21675270
21674504
21671599
21662900
21674875
21664167
21680137
21664748
21673586
21682919
21680427
21680641
21657760
21687863
21685761
21680538
21676350
21686336
21697764
21688483
21686677
21630204
21685288
21694163
21679839
21685890
21701211
21668208
21694804
21702546
21707235
21702509
21702476
21620389
21695114
21685121
21707029
21700918
21709916
21714415
21704462
21709717
21711240
21694991
21711564
21711276
21719345
21724062
21713096
21716822
21702414
21724087
21716582
21715468
21712879
21722909
21724904
21726073
21709372
21729035
21717027
21710001
21734658
21669332
21720336
21737487
21735534
21740709
21715467
21721130
21737004
21739284
21737916
21726205
21733511
21732821
21739112
21733380
21730067
21721315
21729959
21745164
21745392
21751643
21743602
21741238
21751613
21729605
21751067
21735974
21752192
21744923
21754459
21757823
21693427
21757716
21750486
21749925
21762077
21759182
21754922
21747765
21742500
21762161
21758077
21737930
21766453
21716184
21766480
21759425
21763571
21768508
21772136
21742470
21766455
21773493
21774617
21778306
21735984
21771771
21775929
21761498
21769288
21779471
21781993
21763958
21781016
22046220
21749134
21761953
21762692
21779190
22051139
22061671
22054896
22059471
22046927
22061303
22059839
21780179
22046945
22063014
21808521
22065890
2297657
22094388
21773769
22046333
2275447
22102942
22073869
22110582
22093173
2641845
2437562
22067479
22075042
2677788
22095202
22174181
2795676
2226082
2626569
22065412
2503529
2843178
22061896
2969092
2699720
21770649
2797910
2847534
2779935
2851654
3028062
2914694
2889852
3139274
3043453
3091929
2976286
3093359
3410204
3625752
2824933
3243827
3028431
3663240
3634975
3644084
3487183
3375158
3592727
3290219
3527580
2845817
3746420
264027
3696944
2972670
3934689
3694787
3819595
40243
3778308
3650847
3982970
3361871
412316
3953682
2437472
4015217
4570593
22048342
2757860
4700182
3664679
4652695
4800637
4927396
4712211
461209
4966069
501879
396316
4884278
5065804
5319781
5319149
497700
554653
3928024
5516401
402183
5746436
4712928
508407
5696057
523679
4557594
5779092
4960713
5654556
22048056
3712249
5939379
5768935
6106851
5783809
61616
596841
6252465
3629815
644190
542228
5845821
4712533
6370284
610450
6449620
6543720
595921
5439943
6558505
6398427
6119217
6644827
6577617
6565738
6761392
6790878
6731445
3625619
631865
5626314
6407454
6592706
6770044
6592793
6835156
6644040
6621416
6827209
6916013
7036459
6907055
6879330
6882831
7037564
6839034
675135
7037754
4877302
7099586
7097495
7094181
7043821
7264074
7088340
704380
7358769
6076805
7354508
7407986
6885920
7334302
7266763
3993372
7443465
7397315
22047573
7489831
7489944
7434162
6389501
7502531
7320044
7526086
7485252
7382181
7132254
7132618
7484496
7505942
699292
7527207
7497514
7370133
7565816
7540800
7623815
7623706
7613665
7576898
7523713
6830494
7644762
7624528
7653337
7655961
7750126
7627194
7566169
7624591
7805175
7506065
7808000
7662135
7780467
7871097
7799405
7776949
7732324
7688974
7817521
7714149
7873934
7284788
7918870
7984371
7631512
8023719
8018922
7918792
7938948
7982982
7946017
7834133
7850223
7889000
8054952
8094435
8005947
8170889
8103980
8082368
8051823
8219797
8191250
8178405
8233447
8054874
8277297
8187112
8220493
8194663
8243907
8254118
8342423
8086485
8386072
8041024
8398789
8347615
8431704
8404009
8279062
8379167
7727508
8432658
8476384
8434935
8544299
8432156
8515762
8562272
834440
8548828
8082724
8530403
8571723
7696973
7438211
8598481
8355380
8515350
8622166
8501163
8609320
8618657
8658030
8684541
8540100
8672630
8558743
8606291
8707391
8722523
8657079
8668300
8594131
8687345
8723888
8812944
8764840
8849547
8726540
8677732
8846572
8853067
8870917
7553582
8694362
7468148
8702382
8917448
8931209
6737655
8845410
8961943
8937177
8872292
8674299
8949632
8918368
8121796
8982207
8308815
7461609
8823662
8982704
8876953
9002829
8998442
9192881
9182664
9133145
9132964
8674235
9145045
8982254
9080255
9419651
9045822
9511500
9373920
9225647
9423324
9296523
9590642
9486321
9655067
9672270
9033079
9069836
8933521
9687295
957848
9755766
8965829
9983971
9260088
9196627
9857453
9770381
9695421
9191386
9647741
9790871
9739360
9432580
975366
7317062
9544718
982666
8859151
9999018
8710496
8845357
8998644
7556237
