14247749
13929110
10510426
1102881
1253485
16241815
16170228
16390710
15940387
11292406
15728869
16246396
14786488
10132401
16453896
15689496
15425332
1324297
16403740
16780309
16898549
16546244
16865974
17002612
16932753
16947366
16472246
16522932
12098463
17342849
17373539
17097621
17361672
17122678
16402730
17468980
17411169
17412915
17496515
123456789
10079183
17518179
17537810
10275800
17549020
10243929
17600630
17576420
17590883
17619925
17617519
17511187
17603706
17644996
17543063
17561563
17656771
17585693
17674018
17618825
17689238
17529044
17691909
17654419
17565842
17703772
17618550
17691704
17676102
17653303
17708186
17518282
17648214
17648336
17551815
17714655
17703513
17743547
17730941
17679377
17718529
17721310
17614210
17743487
17749630
17706501
17766818
17765473
17748487
17657751
17775511
17777951
17781002
17772160
17783141
17794303
17729642
17784657
17780886
17787691
17803123
17820811
17774077
17798233
17755276
17821117
17825514
17842643
17804359
17776811
17823736
17768434
17842636
17849827
17846440
17757553
17868615
17692006
17854496
1772276
17830345
17904423
17849082
17910191
17909358
17809455
17859158
17625568
17928388
17933580
17940594
17943452
17898405
17845046
17762948
17802047
17943536
17952750
17899132
17854402
17727149
17934552
17944451
17956882
17908087
17956714
17955303
17991982
17915975
18015348
17967830
17539782
17953864
17856072
18032271
17983471
18056949
17928306
18067452
18042817
18028611
18088652
18080388
17877631
17961141
17926605
18062436
18034097
17997556
18149993
18172853
18170186
17956228
18112205
18164590
18131760
18195785
18138543
17952633
18178903
18201795
17969719
18189635
18116344
18245475
18026761
18037111
18154447
18245417
18213228
18077819
18276559
17965701
18286213
17564549
18243523
18311849
18319052
18264865
18233242
18262777
18288268
17518229
18234553
18330947
18292410
18181225
18159288
18320890
18335445
18341425
18306327
18249510
18352501
18353851
18361792
18345178
18325510
18306072
18360335
18212654
18374648
17579523
18319595
18345442
18319668
18365639
18372453
18336096
18184968
18279452
18361902
18390060
18374691
18419665
18389656
18323817
18387562
18405122
18418485
18341116
18385002
18355227
18400996
18383921
18444392
18326280
17514137
18441547
18474729
18434570
18467773
18485155
18407833
18205745
18462734
18479908
18452552
18503731
18454795
18369514
18434974
18382369
18479918
18512183
18503712
18387387
18511445
18462105
18368000
18488151
18504142
18549848
18539572
18464293
18548781
18472138
18512224
18494836
18558397
18419840
18519054
18482970
18499555
18560469
18542362
18561091
18527088
18564719
18570757
18503910
18562701
18563163
18548031
18531808
18586862
18601091
18506499
18522164
18595624
18564586
18603566
18576737
18581807
18617673
18574189
18586872
18616189
18596407
1859218
18561947
18575829
18565935
18619043
1864213
18614738
18630545
18618958
18435189
18667171
18664102
18334720
18553638
18660807
18681463
18683676
18681702
18665402
18679331
18623155
18554441
18703239
18687283
18693093
18690494
18690126
18673484
18681295
18706562
18697074
18684855
18687257
18620739
18711589
18616733
18668338
18734254
18720496
18744384
18757102
18703755
18648932
18724229
18748710
18704340
18775473
18674491
18779398
18692933
18705368
18689673
18781211
18757862
18775737
18720181
18721810
18782035
18787855
18789615
18778427
18785220
18722344
18737416
18728252
18735666
18803273
18793197
18810586
18821124
18815733
18803565
18778193
18821812
18807511
18798717
18826419
18835351
18741624
18817617
18845978
18831177
18705487
18849278
18833784
18845790
18813078
18859069
18853360
18809400
18834815
18818860
18872511
18850851
18877849
18878224
18813164
18727354
18847387
18831001
18869050
18884729
18823700
18887774
18896456
18880022
18909933
18708768
18901862
18846366
18912167
18912916
18824515
18915304
18890561
18881508
18912628
18913043
18909935
18906229
18923970
18932510
18932397
18932427
18819694
18933668
18857989
18897149
18778374
18927812
18932804
18919803
18787751
18936574
18933599
18798791
18945766
18885601
18946320
18936375
18938292
18906203
18963934
18973608
18867827
18934040
18959585
18951222
18943970
18947409
18926295
18958531
18983871
18973807
18873211
18991382
18984127
18916221
19004717
18903316
18999840
18956855
18873561
18949235
19001462
19013866
19006082
18985584
19008307
19005996
19005125
18925621
19006991
18994691
19010159
19027505
18944741
19032194
19002651
18978428
19024762
18988170
19013938
18944383
19031222
19012858
19024341
19022556
19036102
19037387
19040500
1906900
19044986
19055461
19019668
19059820
19035537
18954954
19075548
19021685
19048990
19030209
19050079
19079353
19079871
18989159
1895604
19045213
19069143
19084323
19020611
19097145
19102680
19100591
19095562
19101884
19071313
19101904
1915235
19091979
19041456
19154063
19106294
19154217
19154210
19159733
19083660
19162173
19151835
19099022
19096695
19154938
19155868
19106313
19101651
19168045
19104093
19003692
19168589
19064938
19175325
19167374
19160738
19168056
19203380
19179636
19187140
19070307
19201690
19214966
19197079
19209629
19179643
19225673
19197525
19226110
19160822
19208808
19181964
19231715
19205546
19048463
19221301
19229240
19212957
19233616
19216181
19201336
19236749
19258222
19255564
19227272
19257773
19104203
19210527
19229983
19262503
19266810
19229913
19262126
19263693
19070199
19269359
19277849
19243618
19014144
19277806
19256266
19286739
19270835
19263272
19180515
19285654
19282533
19275594
19279497
19253032
19243600
19299417
19297180
19219368
19303785
19273696
19285512
19294132
19297230
19313501
19313892
19304213
19221230
19300411
19309676
19307756
19175669
19297165
19321826
19255679
19302523
19326515
19273993
19295438
19319158
19315034
19316358
19274245
19336298
19332343
19343237
19273952
19333501
19324877
19343245
19346551
19325030
19344162
19309406
19335496
19348634
19330206
19348669
19175661
19337217
19294127
19313794
19352211
19368972
19386274
19357581
19366533
19397741
19291077
19380707
19379575
19358025
19404063
19409338
19361691
19373470
19360553
19397684
19363483
19403405
19402755
19336028
19416605
19416099
19414826
19326297
1941254
19405195
1941908
19292971
19415075
19378237
19398099
19406289
19430963
19420320
19426320
19415678
19379670
19439659
19360593
19423473
19422898
19417988
19442629
19428866
19449079
19426707
19415086
19437379
19439622
19446537
19445252
19457009
19449479
19428696
1944780
19430309
19472810
19458204
19405284
19475669
19455129
19481590
19422213
19467228
19458052
19477521
19492854
19444034
19489010
19474798
19441360
19487608
19465579
19481607
19396720
19450991
19452285
19496609
1950994
19478682
19501510
19510749
19510888
19494299
19492901
19503564
19543845
19445470
19539918
19483139
19491989
19499871
19497651
19547978
19401024
19543769
19559173
19558663
19549894
19499906
19561987
19569088
19563698
19566087
19571518
19544564
19569068
19566243
19503758
19563631
19480291
19571541
19564552
19570045
19583485
19553306
19513007
19545300
19591712
19584996
19573300
19571954
19415422
19511081
19553399
19601349
19603198
19606041
19604245
19601404
19592079
19545365
19598609
19593406
19604514
19588236
19606217
19569258
19617041
19620446
19506205
19603144
19598567
19608930
19596829
19623726
19617344
19610842
19622965
19616992
19606378
19631957
19635456
19583722
19630392
19607956
19631890
19619705
19638873
19633425
19624909
19623581
19628585
19640038
19643849
19596723
19642219
19642483
19620488
19623714
19655129
19655385
19651620
19662799
19651804
19645313
19650806
19653522
19660204
19657241
19665656
19636739
19648849
19641671
19662962
19665171
19636433
19664848
19667514
19671914
19672037
19625004
19641632
19656959
19669320
19670606
19675399
19675435
19688146
19685922
19687116
19690827
19576086
19676644
19686953
1969704
19676754
19484692
19699321
19653812
19684090
19663081
19695864
19682712
19694345
19699623
19700605
19719765
19664585
19703419
19580278
19714724
19670833
19728257
19727863
19709861
19737481
19672033
19722405
19712386
19716103
19713836
19738949
19711216
19714546
19747626
19723749
19607586
19747844
19740199
19767882
19772563
19695704
19759559
19758686
19745891
19778881
19781423
19736361
19677675
19725245
19762383
19780531
19781811
19736700
19744429
19791197
19782043
19786181
19697299
19789728
19723714
19781816
19799803
19789592
19779402
19791496
19772815
19793227
19793228
19794720
19794399
19805331
19777446
19748990
19805290
19794023
19763633
19764633
19812047
19786537
19682622
19785518
19806750
19815493
19822344
19806390
19829527
19822846
19810452
19814685
19839499
19822385
19838595
19817066
19843436
19419198
19833239
19832714
19838182
19820667
19848528
19848494
19861526
19862833
19827060
19838557
19857808
19821720
19849101
19841152
19854822
19792702
19868252
19843164
19866087
19841250
19862984
19864536
19707927
19871461
19886490
19874825
19871331
19822282
19876527
19873542
19868285
19891099
19856503
19876706
19890954
19837371
19848472
19888341
19888541
19867579
19896733
19896773
19836907
19888549
19888532
19893189
19904621
19871266
19894838
19818347
19921703
19921840
19923385
19879742
19901296
19890813
19890613
19934284
19933676
19927965
19914949
19903330
19946970
19915243
19927601
19957986
19925108
19959359
19921903
19971051
19972869
19960829
19958645
19817330
19964314
19861512
19951257
19976452
19883202
19964097
19944767
19972590
19945563
19977320
19912763
19989584
19969923
19982007
19985347
19990868
19985122
19986945
20001410
20002417
19998368
19997377
19978115
20005468
20009934
19971579
19989686
19988792
20011061
19994075
19907163
19993735
20017088
20012144
19898226
20012271
20025816
20002798
20031908
20025474
20011825
20032822
20021253
20026265
20030583
20005314
20039499
20040413
20033360
20023810
19949698
20050716
20047731
20058551
20032306
20067715
20061238
20046523
20006822
20067769
20069013
20069354
20070395
19951231
20078024
20074650
20066335
20023849
20082499
20067632
2008500
20076117
19988919
20009987
19990822
20088592
20087204
20088521
20090528
20073925
20086016
20087937
20091787
20099398
20090612
20088333
20046338
20104547
20089810
20100980
20093501
20104372
20111221
20111496
20106652
20057959
20098268
20111361
20113823
20121810
20106315
20096432
20126339
20120763
20129944
20120085
20099313
20122871
20140759
20134011
20126108
20095025
20092145
20118154
20128422
20142153
20145573
20145505
20161610
20142881
20073987
20164208
20141067
20149016
20102823
20163409
20166319
20171229
20163546
20169117
20158458
20130377
20166644
20178052
20168048
20027407
20032059
20008062
20188652
20181770
20179811
20071275
20174128
19904958
20163447
20136771
20184731
20177760
20179890
20190634
20195473
20166727
20195406
20194042
20172055
20196790
20177282
20192105
20189735
20208884
20192477
20204933
20214924
20211010
20203682
20216999
20079877
20210696
20188618
20203596
20213151
20222223
20215494
20228065
20179803
20212272
20209393
20238801
20211786
20234308
20241441
20248424
20248769
20246186
20207505
20210893
20245103
20254938
20235415
20257783
20179979
20233655
20267180
20261126
20263622
20268890
20205104
20243788
20280150
20259485
20266965
20266501
20210492
20277141
20212173
20265818
20277705
20290645
20294656
20300425
20267407
19980023
20227906
20283036
20297261
20301766
20300019
20305821
20245562
20289780
20287205
20307398
20312167
20158539
20313127
20307038
20310590
20295463
20314209
20279218
20286392
20301806
20315737
20312958
20314656
20301479
20301796
20314969
20328886
20308672
20333085
20331259
20314106
20334422
20313163
20304948
20319459
20334609
20343200
20334739
20337744
20315882
20344989
20340272
20216538
20326056
20345935
20346138
20307249
20358541
20350820
20347824
20356308
20360207
20350771
20352556
20276247
20344767
20365046
20357261
20355007
20352281
20361497
20368254
20327341
20374958
20376862
20361565
20379093
20280277
20369385
20367982
20365152
20360564
20376347
20357078
20384846
20385071
20310343
20374964
20386279
20385311
20372047
20387206
20391361
20381081
20385925
20393988
20384995
20394064
20398256
20401009
20386399
20394000
20401721
20387435
20405028
20407184
20382547
20401289
20401323
20387719
20398475
20369372
20393942
20376610
20409969
20407550
20366241
20415744
20408110
20420440
20408001
20418349
20399888
20424571
20420605
20425270
20408467
20425712
20407129
20428534
20430189
20233705
20425964
20433318
20421831
20432550
20411674
20407983
20426217
20437015
20437350
20434088
20437464
20436794
20412943
20408780
20438057
20420808
20431745
20441741
20436275
20452179
20367981
20433213
20443812
20454535
20442476
20457258
20443055
20448507
20455498
20406726
20451781
20382558
20271294
20459049
20464969
20464103
20458838
20465384
20467476
20461014
20447409
20447616
20432045
20457145
20462370
20462863
20465921
20460039
20452829
20469236
20472458
20471980
20309362
20471731
20471911
20479478
20437287
20466787
20489125
20486690
20483093
20492889
20489032
20477511
20493638
20492891
20473931
20495543
20461721
20506878
20495287
20498113
20495575
20488198
20507745
20489570
20398504
20491661
20506912
20511475
20509203
20511591
20487091
20512869
20455973
20510235
20482582
20516948
20515863
20516132
20519976
20511404
20518626
20478972
20514001
20514488
20520036
20516017
20520735
20411313
20518311
20523282
20321901
20512413
20518991
20523306
20526987
20520035
20507298
20528197
20514506
20496016
20524540
20533792
20542596
20533140
20532210
20528235
20514267
20512537
20540477
20535888
20537486
20550374
20545989
20530799
20543161
20556045
20547835
20557062
20559053
20553332
20549308
20549230
20528233
20526444
20564393
20560353
20521326
20542969
20538290
20557544
20567780
20572650
20518722
20562947
20559088
20566941
20575854
20546067
20567749
20573098
20574561
20573125
20568974
20531489
20580790
20577017
20577807
20579980
20585036
20489982
20584984
20581723
20588872
20574630
20565482
20460195
20580741
20589508
20589494
20587878
20589765
20582427
20577009
20588299
20586807
20596198
20588935
20593827
20598057
20591111
20601202
20589439
20591070
20604094
20598042
20572104
20556081
20608140
20593026
20609483
20596327
20603726
20589745
20605287
20604819
20608474
20579956
20611395
20608476
20591229
20596814
20610094
20609728
20606901
20603929
20599226
20619210
20621667
20614097
20614198
20611364
20610047
20604805
20627237
20623066
20628838
20627444
20622897
20633919
20612904
20633771
20618964
20617239
20613423
20624762
20629072
20620259
20634496
20637332
20620490
20528694
20627970
20617588
20640355
20636033
20635983
20642251
20601129
20633931
20648008
20640862
20632356
20644342
20637802
20646879
20648909
20648238
20643855
20648373
20575723
20614552
20651574
20649944
20655062
20651703
20643495
20642581
20658328
20656274
20648079
20659319
20650850
20650613
20655872
20664339
20659166
20649875
20652519
20664329
20665995
20662214
20665681
20676246
20674708
20630752
20670030
20674813
20652778
20661772
20677915
20673259
20672303
20677637
20684177
20678690
20680460
20670120
20689432
20675838
20659986
20686594
20681955
20686858
20678770
20685105
20682805
20693493
20657462
20643496
20696039
20697124
20692583
20690475
20552266
20699081
20688764
20689513
20685509
20708176
20705134
20711345
20698857
20711400
20702735
20708507
20697899
20713605
20693793
20700544
20701723
20718746
20716062
20700536
20720388
20719081
20720535
20713718
20721865
20720440
20715086
20721379
20726352
20723656
20725018
20726455
20726946
20669712
20720963
20728182
20729827
20728645
20714240
20726845
20705133
20729561
20726933
20733600
20731899
20732005
20728641
20740123
20736826
20728756
20713729
20743333
20736759
20738737
20735340
20729629
20743438
20744313
20736583
20740307
20744781
20744854
20742567
20746844
20743998
20741792
20746857
20640406
20747348
20745692
20679294
20751346
20736309
20710200
20750354
20756123
20757931
20748459
20748401
20748190
20754974
20723495
20756159
20754888
20761740
20760946
20746828
20764996
20761644
20759266
20766659
20768835
20755846
20765784
20767531
20706381
20746403
20772629
20759022
20772749
20772475
20764107
20752290
20746398
20769377
20776187
20773338
20777135
20775487
20761831
20775781
20782966
20778046
20784106
20763377
20746451
20779579
20775895
20786663
20781820
20775072
20788313
20793082
20772599
20788312
20710921
20789803
20789814
20783403
20790771
20779927
20784334
20785932
20795618
20759639
20787494
20798653
20786957
20769371
20797672
20794538
20798352
20797243
20800245
20797260
20800226
20802985
20794825
20793739
20809512
20794647
20800254
20803444
20800749
20808027
20805189
20797500
20811649
20800680
20812325
20809357
20796932
20811838
20634984
20814532
20815363
20796798
20815889
20820643
20818652
20819647
20826875
20822656
20821703
20800067
20820634
20827936
20821570
20826133
20814626
20830767
20833450
20813301
20759725
20836794
20817596
20831751
20837837
20835727
20838345
20837754
20830445
20795999
20839247
20813356
20824076
20819736
20839856
20840294
20840563
20781030
20838322
20839691
20842475
20834409
20841875
20844655
20841702
20844970
20849243
20849254
20819012
20844566
20849893
20847075
20842064
20836872
20847930
20853967
20854838
20829008
20852586
20854418
20849139
20856135
20855808
2052700
20856132
20849021
20846079
20849945
20857794
20860020
20850227
20859608
20836578
20859573
20860493
20831517
20861481
20861516
20863921
20856958
20856182
20861724
20859596
20863828
20862266
20867357
20866863
20865942
20834697
20869135
20867216
20864159
20866056
20854968
20873059
20871319
20866659
20871908
20865939
20869705
20877316
20873324
20876530
20876664
20871716
20878338
20877561
20871627
20869598
20879700
20875048
20867539
20852128
20880706
20872437
20881974
20884286
20853185
20880813
20884094
20885023
20839615
20880845
20880810
20741938
20850578
20883922
20890002
20868241
20886811
20881122
20890007
20882523
20966859
20888409
20886691
20967683
20887552
20884738
20967743
20890193
20884759
20880452
20970752
20886545
20882815
20867701
20973309
20968376
20970999
20966897
20973405
20976291
20968202
20879030
20976896
20891414
20978132
20800316
20974327
20976928
20971661
20977826
20978401
20887970
20976476
20979404
20982019
20979527
20980651
20981081
20980500
20974785
20978271
20972242
20978382
20980352
20985120
20977052
20988942
20982649
20988352
20986694
20970762
20982551
20989228
20988664
20988374
20988976
20982296
20972286
20988190
20990528
20861337
20994060
20989915
20994068
20982112
20994963
20993749
20990446
20993023
20998722
20979241
20992974
20984774
21000052
20985588
20887156
21001720
20994221
21001277
21000769
20973859
21006202
20992096
20993871
21001851
20995852
20998769
21003603
21004782
21012496
20991311
21005343
21004752
20891368
21007631
20994063
21015251
21012527
21016061
21018679
21014936
21010866
21017445
21007433
21015217
21008829
21019245
21015860
21020180
21026518
21013626
20992834
21021387
21028101
21007718
21028069
21026480
21029273
21029385
21029298
21028110
20995940
21022540
21027560
21036152
21016059
21037598
20889361
21032806
21019236
21038162
21035589
21037688
21037114
21022801
21035300
21038791
21038804
21014645
21038884
21040210
20993666
21042719
21046553
20996414
21036641
20995428
21043544
21045107
21048291
21047215
21042932
21027566
21048523
21047175
21048581
21049215
21038199
21047790
21039925
21051548
21049430
21044825
21042499
21051011
21053590
21048633
21050347
21055823
21048488
21061516
21046555
21053870
21054665
21048742
21049534
21058615
21040308
21049831
21062698
21066651
21024758
21065277
21069203
21056427
21061642
21065066
21068719
21034218
21063786
21062010
21062055
21066865
21069243
21072784
21070913
21063003
21074143
21001152
21058741
21073514
21072296
21065387
21072721
21069541
21066568
21074034
21071409
21071837
21082983
21084630
21048213
21068744
21070132
21083981
21084586
21080332
21091042
21076901
21087315
21080714
21074184
21097537
21089725
21096598
21090720
21018703
21091086
21088546
21092185
21102068
21085336
21099823
21042416
21096287
21103981
21099844
21055111
21093422
21081799
21106176
21074040
21082839
21111773
21103188
21116013
21116869
21103008
21118855
21103815
21107056
21116203
21110577
21124905
21113239
21102965
21080301
21122865
21106140
21113583
21094954
21122268
21128031
21123455
21136029
21135335
21135828
21114979
21134994
21129398
21126956
21134046
21116136
21119161
21124800
21133553
21132092
21139651
21133756
21069974
21139452
21086499
21137261
21146484
21143402
21143855
21140479
21141327
21142834
21136589
21140075
21147904
21146577
21150963
21144028
21147875
21149565
21141337
21151667
21148001
21141279
21151009
21154408
21152456
21141329
21150736
21127937
21157322
21155525
21154938
21150608
21152513
21160124
21152415
21160963
21162757
21155298
21152484
21156711
21158913
21164171
21163138
21152698
21164844
21161814
21144223
21155629
21163736
21169767
21169290
21169335
21130026
21164501
21172328
21171984
21167545
21173272
21164128
21139158
21174302
21172791
21150977
21167255
21173925
21171274
21181248
21171108
21162380
21175479
21176953
21183796
21180139
21181159
21182962
21182333
21178012
21180049
21182789
21176986
21204635
21183866
21207882
21172745
21162793
21206504
21186672
21174989
21213168
21206026
21212742
21183894
21211839
21213316
21187025
21214222
21212673
21217118
21167543
21218457
2120253
21217736
21216018
21222546
21181951
21205709
21131466
21139512
21180373
21224193
21214242
21224181
21184235
21220975
2122942
21223212
21216913
21103144
21227471
21211758
21229920
21222733
21228189
21226592
21233890
21226603
21216573
21216812
21234834
21233505
21149182
21231855
21235085
21231483
21216188
21236270
21229945
21225266
21238045
21218578
21242026
21222587
21224515
21242379
21235218
21238748
21230045
21234242
21244798
21243175
21245301
21243629
21245110
21237556
21242620
21247872
21247122
21236423
21245391
21247005
21223639
21248615
21237467
21249082
21246153
21239810
21250107
21242627
21224526
21249099
21255078
21255642
21245828
21249124
21240456
21231868
21249588
21249055
21258316
21229638
21265998
21263901
21245732
21258986
21252723
21264286
2126824
21258134
21257183
21264581
21251349
21260344
21249479
21271913
21245098
21254256
21256934
21272399
21273390
21255905
21275024
21266577
21276121
21272169
21273073
21276049
21277895
21279074
21276486
21278641
21262494
21276996
21276994
21263842
21277115
21281164
2128169
21281346
21284535
21275162
21283551
21285229
21265267
21272340
21266986
21286011
21283290
21285955
21281126
21290574
21292021
21272267
21279828
21293392
21286168
21287654
21294906
21285280
21286051
21285701
21277104
21287261
21280758
21284702
21298554
21275458
21259635
21303342
21291137
21294754
21267960
21301151
21284668
21297976
21293233
21306530
21303310
21309074
21306531
21306200
21307527
21309620
21294005
21303923
21295506
21294074
21308272
21307316
21302605
21295825
21286171
21284077
21311789
21312382
21309981
21309243
21313566
21316214
21309500
21310683
21310723
21319491
21315674
21315925
21317421
21313781
21316280
21300044
21311750
21315945
21321851
21310879
21320752
21314309
21305728
21322434
21293095
21323082
21325157
21323204
21327746
21329550
21327217
21321122
21298398
21323094
21329627
21332057
21322221
21324227
21330463
21332477
21314611
21309189
21328425
21317879
21331825
21326923
21329508
21324757
21334351
21340845
21339394
21329782
21337639
21341871
21339450
21342083
21308144
21307914
21332015
21344759
21338044
21343912
21337575
21344867
21344676
21332048
21344916
21336837
21331869
21336812
21336341
21345771
21342805
21344974
21347009
21351782
21355261
21340698
21311422
21336646
21356088
21347246
21360626
21352495
21346360
21336932
21341770
21348058
21321314
21355728
21361121
21359600
21348789
21366225
21346331
21356666
21357810
21363807
21348608
21367257
21366235
21342602
21354334
21352297
21372000
21347754
21365368
21367394
21366096
21363805
21366326
21345739
21372176
21370977
21362091
21379029
21377739
21377710
21379133
21368837
21379850
21380109
21380186
21369376
21372662
21384820
21376355
21386360
21382659
21364925
21378740
21369960
21389208
21388385
21369031
21380463
21374716
21373676
21388707
21390248
21388785
21380318
21377996
21390420
21394554
21372245
21395563
21390816
21390360
21395186
21390428
21376599
21386373
21394504
21382330
21390494
21385826
21403317
21391144
21402359
21393064
21402726
21402565
21402594
21402450
21405033
21387828
21394477
21406757
21405098
21397819
21387254
21406012
21380994
21393314
21415713
21415547
21407242
21398022
21420760
21417193
21420716
21400112
21411730
21421061
21424672
21429724
21417177
21395238
21411797
21433292
21425308
21433076
21411824
21420726
21408130
21412748
21410254
21420827
21414659
21439042
21434826
21410434
21435521
21433216
21441113
21442142
21437889
21433154
21417846
21438162
21438175
21447602
21445096
21432550
21435765
21450471
21435182
21441106
21448845
21443664
21405152
21400113
21448255
21433496
21451143
21453085
21451565
21459301
21439150
21430974
21454715
21459350
21460667
21450527
21466561
21455394
21439875
21466026
21451104
21465577
21470697
21464345
21473319
21463310
21438580
21454610
21478262
21466479
21461987
21469287
21429274
21481878
21475085
21475426
21481196
21475021
21467498
21480128
21470420
21487987
21487197
21484963
21486356
21474218
21486542
21482299
21471953
21472950
21483251
21490380
21469273
21493985
21500156
21449270
21439057
21501708
21490458
21498144
21493271
21487311
21494194
21500248
21488517
21508184
21490367
21488839
21479866
21498148
21500052
21509091
21486309
21508313
21500145
21522242
21522431
21518764
21519330
21506034
21522101
21521831
21524443
21506971
21502210
21516063
21533535
21525996
21513067
21490512
21531139
21487845
21522412
21536194
21508840
21526012
21528685
21542349
21525373
21533466
21535658
21521805
21538061
21527734
21546055
21542877
21548630
21550965
21548617
21532391
21526747
21537889
21542203
21548380
21547730
21525437
21547825
21555229
21555255
21547854
21557379
21549539
21556879
21548654
21557713
21566471
21540527
21563609
21565696
21550945
21547789
21566102
21553547
21556013
21564361
21567310
21562456
21567248
21567288
21567615
21569808
21567200
21542489
21572705
21569583
21554486
21580221
21503643
21566903
21524347
21567139
21566501
21573121
21573299
21574878
21583709
21584236
21591298
21581829
21547837
21596315
21563911
21592046
21584719
21595834
21596594
21583268
21576727
21593087
21588866
21595158
21604672
21596602
21607388
21605801
21575703
21588808
21605333
21603052
21575877
21609311
21601103
21584818
21581836
21599865
21617984
21613473
21590588
21611008
21568541
21606872
21567378
21617406
21567404
21586492
21610908
21607682
21612558
21607409
21613532
21619211
21599694
21613883
21620322
21618081
21621850
21618510
21618569
21619478
21602860
21615683
21621856
21631809
21624354
21629390
21629411
21626766
21629338
21625869
21640988
21627860
21632353
21641914
21621418
21629353
21633120
21622157
21640777
21644569
21638298
21641489
21634071
21640798
21649619
21647281
21623113
21648228
21649749
21647738
21649491
21653432
21652918
21652348
21639999
21662085
21647168
21660757
21621327
21645124
21643805
21659009
21657052
21660689
21664565
21659004
21656047
21648129
21668893
21671149
21664322
21676061
21656844
21668251
21626456
21656806
21676800
21680868
21671262
21680629
21670135
21680332
21688422
21667704
21679348
21674243
21690229
21674971
21682407
21689148
21690214
21692394
21684081
21694290
21699344
21700518
21692006
21657125
21690205
21683193
21698582
21686661
21701018
21703481
21697646
21677983
21690611
21703724
21683230
21705824
21687980
21705152
21704726
21704567
21707426
21705311
21703113
21689169
21708715
21700447
21709708
21707328
21706302
21710908
21709924
21689170
21712949
21703029
21706457
21718074
21702965
21705030
21698240
21711149
21725159
21708235
21716483
21722035
21709548
21723978
21718787
21713228
21719344
21729559
21731932
21733460
21731923
21730796
21718125
21729946
21731946
21737215
21731397
21717518
21722475
21735423
21739612
21736109
21733449
21742127
21738031
21734997
21731882
21739278
21733507
21743021
21744707
21741637
21743047
21743205
21738651
21745120
21742239
21744662
21721619
21746373
21740620
21743247
21735376
21750966
21746493
21745605
21750836
21730367
21745987
21749597
21750456
21755144
21749581
21754402
21759007
21751375
21655771
21746602
21766384
21757202
21753995
21756726
21749072
21742607
21761104
21750549
21751177
21757850
21763631
21762052
21694478
21769161
21774907
21765190
21769232
21764053
21752164
21773233
21773839
21782221
21773965
21774342
21784622
21778189
21779870
21762794
2188948
21778215
21774000
21785583
22061249
21777813
22063037
21768922
21778391
21774911
22044933
21780968
2204073
22056278
21781043
22050815
21759459
21783551
22079600
22045369
22069617
22050308
22073789
22085386
22119981
22100558
22066562
22079920
2350125
21775459
22095949
22078701
22118657
2217353
22060454
2544439
2545015
22079519
22091082
22099417
2842893
2218335
2773186
2609615
22056719
2725868
22161359
2855016
2225684
2899002
2763028
2442041
3057598
3020682
2974774
2373701
3043285
3439327
3239286
2552956
22066736
2764713
2807285
3422802
3312817
25647
22053821
3476460
3075692
3594408
2755291
3638924
3537331
3300411
3417939
3934553
431920
3398680
354936
3588723
3521387
3599988
3039378
388479
4685027
429914
391464
4712539
3699858
3409171
3696011
3516000
4698400
4691024
4789797
4588368
5002183
466602
2899812
5307701
4591373
5070164
5308756
5060801
470619
370986
5311572
53231
21766780
3890421
501981
4678202
466150
586643
5689556
5310557
59463
567034
621262
560053
514489
601194
6070179
6440441
6587185
5324955
596463
6572675
6650230
4429848
6509530
5955109
6613040
5801976
6709288
6765092
6814555
6727150
5691820
6888394
400611
6887343
580239
6985633
5318936
605968
6877722
7032186
6757874
6618129
5010008
7012625
6876240
7114814
6795987
7274737
7266801
7039540
4718633
7131388
6829735
7279526
7366943
7234662
708041
7359968
7301448
7153211
7358927
7376769
7407800
7148671
7236029
71257
7490203
7234323
7529354
3043238
7147552
7570359
7583951
6878493
7554624
7306758
7480578
7016442
7391964
7459470
7710645
7562829
7622973
7693281
7703146
7683705
7752708
7749324
7669161
7463250
7539484
7667407
7792149
7826035
7466551
7794658
7929473
7924884
7707127
7872932
7870986
7989539
7942472
8036180
7624367
7687365
7155318
7888643
7991947
7725093
8009818
7883249
8145120
776056
661052
8086519
7984425
806829
8196756
8066704
8099216
8144298
7933665
8235878
7720535
8048295
8230604
7997783
8328669
8108532
8190442
7843055
8377792
8234955
7566137
8161433
8210644
8478911
7898204
8386533
8459842
8245759
8175428
8348732
8263147
8284255
8590342
8500961
8518045
8176469
8451819
8525195
8378521
852731
8644019
8501092
8701779
8649656
8598293
8710187
8577546
8421886
8716284
8474211
8693589
8748952
8749169
8739442
8749929
8711933
7959099
8473841
8769675
8781889
8802493
8843949
8535118
8766551
8793068
8845966
8711775
8880624
8872183
8648118
8438736
8849674
8679751
8750242
8939349
8913530
8963610
8904398
8956481
8940773
8970281
8832978
8902262
8905984
9018627
8529125
9122580
9149190
8929262
8972172
9174900
8982268
9072466
9089437
9064823
9207870
9171248
9234773
9069635
937004
9179097
8565206
9146914
9488204
9098846
936009
9506111
9393960
9430671
9175253
9301182
8970708
9393994
9494823
9557826
9522996
8825839
8527494
9304917
9740483
9657207
8794398
982240
9657209
9676633
9845222
9893347
8900330
9543713
9722908
9595123
9773948
987686
9906705
9541542
9957211
9845341
6967134
8856182
991778
8718315
9288727
