1118417
15743215
1198814
15536743
16679899
16529877
14448552
10081426
16802497
1683952
15839734
16471224
1454285
1324955
1100011
16443913
1301867
16880615
16863902
16849655
1308851
17004051
17032047
17016749
16893063
17096202
15083689
11047306
16004323
1651967
17387263
17367481
17419403
17202785
17520287
10835858
17580413
17584369
17526964
17595388
17536412
17514848
17576674
17612994
17634276
17608522
17525419
17583617
17634098
17641184
17539775
17579258
17518593
17617204
17582985
17618802
17682114
17648341
17542309
17569676
17614713
17669410
17578126
17682255
17697601
17643681
17636778
17714263
17712702
17708261
17687881
17720669
17737787
17674037
17754583
17720053
17645651
17682280
1760104
17757481
17646902
17759384
17775267
17653947
17752602
17755091
17756632
17765417
17756559
17798136
17775020
17520148
17749848
17809910
17684800
17765438
17788594
17765163
17632527
17827217
17818553
17799774
17747001
17821227
17758097
17834592
17716795
17821164
17821047
17800793
17794989
17834849
17848099
17860149
1780935
17838095
17657038
17839758
17843366
17867889
17776985
17880242
17862730
17878642
17871035
17853538
17821194
17874610
17854804
17808055
17863445
17876223
17893533
17881134
17784089
17870634
17913087
17842790
17904114
17917293
17928715
17915876
17877699
17852997
17896313
17924360
17883559
17896277
17949094
17940674
17982954
17961879
17906650
17920350
17984315
17976698
17993930
17969711
17982944
17896106
1796534
17991521
18008400
18014279
18050133
17978309
18066469
17568098
17794225
18045160
18062734
17951652
18070801
18060932
17905875
17962502
17997759
17848863
17635157
18075157
18071704
18093384
18030540
18016451
17895817
18127823
18125741
18110427
18003342
18118433
18132202
18097825
18012340
18168841
18093468
18148948
17984591
18179336
18160638
18097716
18191344
18178851
18141599
18179453
18030333
18185058
18137270
18251020
18164540
18219547
18230287
18165489
18243278
18217777
18034883
18237720
18295922
18262550
18315691
18142985
18297292
18174156
18244562
18323841
18209386
18307655
18342171
18226571
18347948
18178896
18325428
18343115
18360289
18281408
18353404
18338319
18344481
18415235
18381202
18382174
18351687
18417357
18377321
18330807
18419494
18161048
18433692
18233223
18418471
18233171
18427872
18347395
18458511
18455556
18414856
18407677
18447418
18447422
18446580
18395305
18448699
18427193
18482603
18440174
18475926
18468393
18464397
18405874
18479800
18474224
18482935
18414202
18339407
18448589
18492745
18496463
18501861
18483130
18503801
18513170
18496827
18478845
18476881
18458927
18220698
18484372
18478020
18477584
18506077
18501079
18494603
18534871
18498074
18541433
18519224
18540120
18523828
18559228
18512504
18526511
18583643
18543975
18566361
18530580
18596054
18374732
18585227
18557089
18503790
18504035
18586640
18425833
18601133
18567325
18603850
18494548
18582204
18605035
18580276
18604990
18614318
18559793
18622803
18606063
18638726
18560384
18619844
18608704
18601877
18640420
18618813
18610657
18620010
18597108
18622776
18661723
18671737
18580523
18663105
18669118
18678850
18681452
18677204
18668115
18655551
18657762
18658336
18567819
18687258
18682611
18546362
18655372
18712969
18731435
18711267
18603977
18373184
18649804
18718733
18706532
18741410
18649370
18722607
18766255
18760994
18657362
18749837
18733307
18774397
18767672
18756534
18626802
18686962
18779694
18708934
18763602
18614690
18727444
18782672
18783959
18709177
18782542
18727799
18750747
18775812
18791551
18778420
18768662
18776939
18791321
18687218
18807933
18675609
18733229
18823031
18741794
18829885
18826134
18779358
18810690
18794021
18814738
18832358
18767702
18803290
18799637
18822565
18810684
18818845
18814253
18837947
18820191
18840354
18850719
18834821
18856576
18800152
18829465
18836542
18850801
18850022
18816185
18854337
18859384
18849118
18859350
18837819
18830911
18859265
18857740
18866897
18862370
18851791
18816299
18849016
18856193
18857779
18888859
18879979
18884468
18875889
18889409
18851630
18879995
18901381
18891633
18896929
18903210
18903146
18862047
18859210
18882724
18891689
18867700
18854510
18859912
18901025
18924720
18915809
18919921
18901889
18906749
18915705
18924249
18906160
18927740
18939069
18903226
18904762
18872081
18943785
18949247
18948545
18906077
18932133
18803045
18936575
18927959
18951385
18949191
18923812
18937836
18951304
18922016
18959498
18932322
18847471
18960758
18884186
18950675
18956485
18957285
18961843
18951457
18895511
18949213
18956429
18954938
18670851
18951729
18961930
18972985
18967811
18973073
18953228
18953853
18954891
18964539
18972210
18952888
18976962
18989212
18976038
18982226
18978902
18981160
18964190
18972950
18978149
18985321
18984896
18982771
19001274
18965939
19018972
18989912
18978449
18960719
19000124
19024072
18985710
18976783
18998594
18873337
19043594
19034686
19034444
19059356
18980695
19045906
18999052
19060438
18975606
19055857
19030136
18990042
19047311
19009243
19065545
19065769
19044336
19027304
19071685
19056761
19051204
19064821
19074124
19079867
19049886
19021906
19079840
19062324
19053815
19068895
19083658
19060262
19089563
19101977
19100385
19083352
19100246
18996684
19077443
19094323
19081213
19020571
19154176
19091758
19078631
19104365
19180154
19081134
19093638
19151966
19162226
19168716
19182046
19105363
19080582
19185083
19094237
19186122
19168591
19164706
19191445
19199335
19170816
19188093
19180514
19195889
19190475
19078528
19196010
1920414
19199794
19200311
19207056
19215144
19196293
19104215
19230324
19195721
1914532
19227553
19208179
19202745
19166025
19200212
18963131
19240468
19230617
19231637
19252717
19242365
19246957
19217346
19212033
19220796
19208306
19254017
19250920
19256820
19262468
19247651
19255299
19266469
19062251
19265301
19236238
19255885
19273076
19269046
19272270
19249143
19257807
19276749
19087587
19292800
19294221
19290942
19254421
19251989
19270808
19269242
19242538
19228005
19289554
19209650
19295699
19285652
19291180
19312625
19315369
19264141
19278501
19222331
19309371
19282979
19306687
19319198
19286973
19287885
19297094
19303492
19294670
19333701
19302868
19300015
19336320
19339240
19341866
19321879
19313471
19341949
1935014
19316765
1932221
19339946
19354988
19352113
19324277
19326288
19311858
19371190
19305023
19349651
19347617
19297075
19328966
19371769
19382502
19344306
1937318
19377027
19373392
19383002
19377435
19388867
19388081
19355240
19387934
1937302
19387208
19366536
19396739
19395687
19392899
19355164
19394462
19396175
19297158
19399043
19407840
19343291
19412187
19402914
19357831
19392619
19383044
19396898
19421803
19316528
19183513
19403749
19412350
19321840
19329304
19371649
19406049
19395513
19407728
19419117
19431792
19332543
19404978
19424407
19430475
19411062
1942001
19437230
19423245
19428485
19400887
19438669
19442626
19456802
19447223
19442612
19432651
19415233
19428701
19417753
19449246
19464389
19456114
19432870
19457258
19457731
19462918
1947607
19441345
19467851
19461456
19436830
19479726
19458185
19486412
19452054
19468530
19501180
19450803
19500794
19487537
19481213
19467841
19486700
19489546
19481614
19472900
19501395
19432823
19452917
19460185
19546453
19544352
1953585
19416904
19508727
19496065
19542669
19500303
19541281
19544896
19559410
19564235
19501389
19548993
19563511
19506075
19566544
19569336
19571655
19511284
19573345
19573356
19570183
19504588
19481037
19559444
19494427
19574707
19541271
19576276
19573914
19555944
19567624
19584561
19504787
19546816
19579454
19596834
19579429
19589748
19585087
19598374
19552329
19569147
19585109
19599845
19598280
19601563
19601416
19472485
19579073
19589705
19606108
19582295
19554766
19604517
19619835
19618697
19608781
19617533
19576142
19576141
19622230
19630462
19610995
19601421
19631600
19629974
19618757
19577396
19620536
19577478
19617444
19580486
19620075
19622322
19637117
19643836
19607934
19620222
19631906
19609203
19631730
19629579
19648739
19625455
19615844
19652163
19664588
19653772
19661819
19641896
19669503
19660818
19652186
19669321
19650989
19666055
19655139
19658366
19442709
19665475
19677546
19670757
19635543
19670722
19593705
19636503
19677872
19658233
19682746
19655340
19683022
19681005
19683228
19664571
19656833
19684590
19677836
19665761
19687041
19687379
19682604
19694123
19696033
19655462
19704520
19672288
19680715
19701859
19683035
19670349
19697197
19673002
19713406
19706712
19709994
19686003
19709903
19714531
19679132
19728471
19683081
19720531
19682753
19711247
19700796
19695519
19714875
19736598
19673390
19717972
19729783
19694335
19735947
19752379
19726613
19694329
19735078
19746294
19706469
19713638
19725170
19764356
1972090
19769509
19755306
19728499
19742034
19761401
19750174
19779611
19768387
19706418
19772447
19784372
19737613
19696708
19788264
19799521
19737723
19803632
19796564
19770571
19792655
19755409
19781951
1980022
19782887
19792689
19810611
19811046
19801093
19766481
19784384
19820821
19797885
19823656
19806070
19813347
19833652
19812220
19824625
19767385
19824218
19820993
19832831
19828802
19825593
19750356
19826167
19836516
19838503
19801175
19856224
19854739
19815507
19835204
19838228
19857737
19848165
19848134
19848155
19876567
19834863
19880631
19824040
19834570
19861615
19880067
19858004
19757648
19881555
19898375
19899405
19878293
19898191
19867304
19846276
19888546
19858232
19904270
19899691
19876752
19904499
19904629
19890856
19874795
19906301
19907973
19900913
19888156
19882324
19910033
19914641
19923903
19908440
19904678
19904431
19921052
19902277
19925603
19925378
19936736
19912854
19936120
19923458
19938057
19736693
19933536
19944104
19908059
19873074
19947503
19944652
19887415
19944603
19947007
19923099
19938831
19927350
19950119
19938130
19925366
19954562
19960718
19960861
19762930
19944548
19950136
19962581
19962470
19903172
19950060
19972856
19976456
19943345
19958003
19970840
19979551
19979627
19968255
19974725
19978150
19951406
19970827
19993397
19982215
19994354
19944431
19992764
19986884
20004006
20011757
19964122
19996407
19989579
20001118
19981516
19962719
19971624
19946779
20028954
20020519
19981312
19998084
20023667
19848151
20027288
19951239
20030004
20041915
20019296
20017472
19994263
20025591
20030920
20044703
20055613
20015617
20034169
20033412
20059707
20018561
20057958
20049377
20033152
20052900
20037130
20054649
20072169
20061801
20074846
19824066
20007856
19765724
20056887
20062558
20077491
20044880
20077329
20077580
20042352
20066124
20066498
20077989
20068310
20079220
20080547
20078308
20077866
20069301
20082278
20089029
20081556
20090505
20084049
20020579
20087143
20082479
20087193
20074023
20102876
20104708
20080476
20090954
20099891
20066328
20099934
20098188
20049155
20103228
20094962
20096711
20106368
20110140
20105592
20107010
20107093
20111896
20114215
20114826
20115117
20109723
20118002
20114066
20102771
20020211
20117436
20109650
20121670
20121620
20108706
20033698
20107418
20119881
20063266
20124289
20124154
20131913
20104651
20105785
20126576
20145246
20136675
20133238
20094974
20136673
20152058
20145599
20152626
20132226
20151378
20154736
20140853
20150301
20123582
20152713
20150259
20145201
20171223
20147615
20173942
20156958
19916152
20131910
20187322
20138813
20126318
20189778
20190472
20131716
20172229
20183282
20174263
20207728
2012137
20101901
20205219
20187350
20148995
20199682
20210816
20217351
20198153
20213721
20171865
20199936
20088280
20184233
20205516
20215643
20141036
20217680
20215719
20219794
20176356
20205280
20219452
20232368
20229738
20240035
20211826
20220050
20227363
20237564
20241078
20235159
20226243
20161427
20241432
20242713
20241582
20205278
20243902
20234935
20223660
20240065
20252310
20248585
20241516
20247329
20256344
20258023
20257748
20242602
20258249
20260275
20253857
20255207
20247346
20251956
20264484
20171752
20264565
20270167
20212685
20260352
20245323
20270320
20271552
20273159
20274820
20262535
20277745
20262934
20236653
20277624
20234892
20282105
20274982
20280980
20280749
20226527
20280207
20275888
20257530
20308717
20303994
20300302
20316807
20247331
20187664
20323087
20283685
20285096
20320765
20327186
20248665
20322370
20317733
20319496
20330667
20253274
20324388
20333414
20308707
20310791
20298879
20341939
20302533
20329893
20340688
20335150
20342019
20344877
20242567
20332934
20336287
20281587
20308526
20327685
20346338
20345675
20346308
20349206
20334827
20271701
20343422
20352990
20350992
20341990
20339164
20355159
20353091
20346487
20346943
20363690
20335357
20360580
20357954
20356352
20342291
20365923
20352634
20373724
20370700
20367827
20367314
20354649
20363710
20363776
20377569
20379300
20379981
20379910
20373653
20376436
20376703
20379649
20356409
20389201
20389083
20337468
20383726
20387064
20375986
20350944
20391644
20388458
20398380
20364679
20399583
20400638
20398457
20393894
20413010
20287788
20402454
20382480
20414399
20387787
20414610
20401307
20388824
20410937
20406682
20392472
20415405
20422160
20418690
20375902
20403386
20426613
20421717
20390901
20420433
20433888
20400716
20424965
20433960
20436278
20435304
20370507
20439658
20423621
20425764
20434079
20422305
20218822
20441706
20416964
20440806
20436295
20446469
20424097
20436194
20417044
20325772
20443267
20450389
20447238
20457763
20444220
20452494
20448349
20452944
20454421
20460186
20450484
20426420
20440770
20415923
20461028
20472360
20463002
20439498
20471838
20472380
20457937
20462778
20472453
20474234
20472424
20454519
20475839
20481250
20452008
20464248
20475318
20475315
20473771
20453240
20486219
20482325
20481747
20488179
20480058
20489500
20475895
20487875
20459065
20433397
20504771
20469175
20487713
20506929
20509224
20419160
20509599
20509754
20495970
20510015
20399948
20509662
20462928
20509139
20495731
20494167
20511411
20513078
20490907
20503064
20492996
20512948
20520080
20511612
20512952
20523274
20511499
20527314
20510991
20511076
20522777
20516024
20509541
20528307
20534299
20522265
20512606
20532790
20516860
20540147
20525309
20522878
20516936
20535569
20523184
20524561
20521727
20486180
20547781
20547785
20547867
20550889
20512063
20537009
20550874
20557130
20535370
20432118
20556086
20553619
20561992
20550456
20536252
20560264
20535567
20549335
20552990
20559888
20557112
20546136
20557502
20566759
20495950
20562719
20540425
20558020
20569627
20541909
20565370
20573141
20570580
20575751
20563826
20566569
20573881
20579069
20573546
20574603
20549262
20546119
20574003
20584979
20575129
20589415
20583785
20588122
20584972
20591081
20575946
20590753
20579588
20581105
20585017
20590994
20584669
20583831
20570545
20580804
20602525
20595131
20602167
20596857
20602638
20604063
20596721
20587243
20607274
20602603
20592201
20588965
20602197
20592510
20608087
20613648
20608480
20613809
20616600
20621639
20620006
20613784
20624619
20609482
20612435
20608551
20632216
20626186
20625676
20633790
20622815
20610035
20627559
20623649
20623720
20635622
20601004
20635207
20620687
20529301
20581862
20636522
20637770
20641591
20590699
20638967
20643528
20642183
20652556
20652747
20635870
20639019
20588331
20635879
20654432
20655843
20627310
20635789
20636508
20654275
20336224
20638946
20645127
20654692
20654743
20651858
20662911
20661035
20639170
20663889
20658935
20642372
20667558
20655660
20662491
20673198
20659263
20677242
20654487
20665627
20666982
20643821
20681774
20669296
20631235
20679323
20679251
20690830
20664338
20686278
20690836
20682665
20656660
20692430
20690216
20667926
20692558
20702167
20695965
20689838
20698428
20690337
20690855
20696079
20682186
20703132
20678030
20655510
20681744
20680521
20703629
20665533
20705076
20711353
20703595
20705089
20712348
20711406
20709703
20712473
20693996
20716994
20708257
20703675
20714155
20713666
20715734
20702527
20717191
20721559
20702276
20712333
20724028
20726887
20714369
20728204
20727037
20680455
20724910
20725098
20706414
20715662
20574178
20713217
20708215
20732595
20728773
20729796
20731634
20732882
20714225
20729583
20736339
20736816
20728814
20741587
20746174
20743436
20731080
20747597
20747249
20742551
20712736
20750018
20720981
20740349
20750148
20751894
20751695
20753195
20662907
20748484
20754417
20756287
20763264
20750369
20755207
20754851
20764918
20747979
20764933
20758401
20734995
20754107
20741694
20768118
20749974
20764254
20746884
20770839
20768779
20774318
20766704
20766708
20771150
20626679
20765214
20775523
20775890
20774094
20766468
20778733
20756899
20770740
20768917
20739935
20775493
20779467
20780132
20782976
20777915
20768762
20785763
20764929
20754440
20780009
20787372
20763646
20779665
20784757
20783765
20790191
20766415
20795654
20788569
20796764
20781724
20788677
20787568
20798598
20788663
20796817
20801637
20799197
20791889
20783663
20803052
20792523
20765452
20798717
20797256
20808705
20804772
20798732
20803977
20801256
20765211
20728791
20795698
20809100
20812584
20805792
20792126
20814971
20814963
20810618
20815119
20806838
20778010
20814954
20811654
20804288
20816155
20812528
20813341
20816046
20820556
20819767
20820607
20820686
20818889
20821610
20822189
20800446
20823186
20815081
20807891
20819662
20821562
20821080
20821024
20801143
20824390
20824615
20824528
20824490
20823241
20824724
20784377
20817986
20816016
20830524
20832917
20837084
20824801
20832174
20818062
20785794
20826448
20838466
20823580
20778037
20822523
20830162
20824380
20838810
20839896
20827013
20844512
20837848
20826905
20846037
20841793
20845950
20851308
20839770
20826957
20839425
20845053
20852168
20846315
20853811
20853327
20852485
20851195
20846021
20853380
20854315
20833114
20853305
20845063
20859679
20845003
20859650
20856264
20819104
20843799
20854119
20860099
20860362
20859602
20840248
20862580
20864132
20867817
20855773
20848190
20865267
20860958
20861917
20864177
20870008
20868446
20871747
20871799
20869243
20867552
20877621
20876917
20823137
20878915
20876752
20834921
20875215
20882124
20880259
20878971
20871076
20880710
20848667
20880359
20879673
20854979
20886336
20887880
20887071
20890104
20886180
20872370
20874136
20890443
20890845
20890168
20888625
20882363
20815931
20885192
20969713
20971778
20973270
20969432
20869791
20969790
20891271
20970786
20883840
20971835
20974050
20969997
20975460
20891049
20978417
20966838
20972249
20983607
20979290
20842803
20974791
20979621
20891434
20975555
20974781
20983650
20970463
20858729
20985796
20983754
20977235
20874871
20986571
20986681
20891302
20985001
20986640
20983709
20984976
20984716
20977604
20982573
20985586
20988373
20981052
20990164
20987246
20977388
20992920
20989154
20991670
20998550
20984738
20995806
20992225
20998817
20986604
20991373
20996833
21000213
20990739
21004302
21005944
21001364
20864209
21001529
20994917
20989372
21004150
20996822
21004044
21009196
21009842
21012118
21003761
21000054
21000048
20993291
21010934
20995022
21006274
21013289
21016127
21012004
21013612
21017825
20978348
21022103
21016042
21020079
21010883
21009566
21013633
21024457
21001798
21025676
20997226
21029349
21030644
21032245
21032343
21027775
21036111
21013458
21038876
21037181
21031663
21021527
21008811
21042821
21022160
21039836
2103547
2104440
21039724
21016649
21032162
21008488
21043721
21014572
21008518
21015936
21007645
21017517
21035441
21043080
21049426
21041526
21037511
21048359
21045584
21048721
21047199
21051094
21044929
21062520
21052025
21045074
21046790
21047609
21048628
21051521
21061515
21047269
21068668
21053873
21065142
21063884
21047392
21044784
21063478
21062749
21072775
21061990
21074025
21073290
21075774
21070086
21072780
21044911
21072871
21071824
21075647
21071516
21077678
21075888
21077827
21072704
21076208
21062606
21068273
21075776
21076048
21077058
21074265
21084562
21086041
21084506
21086073
21078788
21086023
21084532
21090747
21091403
21093847
21084610
21089302
21091551
20992963
21088751
21086814
21073847
21089281
21083373
21097443
21098534
21078504
21095109
21100562
21095867
21099364
21043608
21099899
21096678
21077693
21101129
21040306
21100429
21099919
21103094
21102045
21104687
21101565
21106116
21110360
21092170
21107182
21105172
21077863
21083130
21110766
21094622
21101011
21113474
21113499
21115047
21117996
21103543
21104266
21101848
21117701
21086894
21114450
21097654
21112137
21125703
21130761
21110159
21123450
21128165
21104290
21105766
21123080
21132010
21113380
21137581
21106060
21124132
21137279
21122545
21137832
21135823
21137741
21132439
21129027
21138250
21136666
21123564
21131915
21138330
21142495
21140239
21143297
21142385
21143914
21132361
21149207
21138312
21141172
21130904
21155363
21139307
21156212
21152524
21115151
21158341
21156399
21156402
21105125
21157139
21157415
21131582
21160782
21157205
21159597
21137947
21158398
21160607
21158467
21162320
21154579
21163672
21162997
21157676
21152181
21148850
21167740
21169816
21159564
21162429
21157957
21168515
21166941
21170128
21167334
21166968
21104193
21167056
21164179
21174887
21179417
21179005
21170596
21178607
21139213
21172497
21167037
21180658
21181110
21180675
21159582
21184606
21111670
21174411
21186086
21206712
21202537
21146014
21184399
21182304
21210059
21169232
21185139
21169404
21116732
21178637
21203681
20889490
21208676
21187079
21183751
21219451
21175603
21211662
21214329
21219244
21216159
21220978
21219454
21223137
21209084
21217182
21224095
21211721
21204681
21212821
21225705
21186190
21227399
2122590
21227264
21229520
21227257
21224657
21219673
21232037
21219270
21208948
21230960
21232120
21233085
21207960
21221468
21229316
21231998
21231668
21235027
21233985
21233940
21241116
21234694
21239218
21228053
21227096
21240355
21222887
21169928
21234515
21242435
21242450
21243731
21247133
21246409
21241337
21232575
21248663
21240831
21247082
21246561
21244863
21250967
21245059
21247390
21249740
21174244
21251908
21249340
21253287
21242871
21238083
21249090
21254801
21246310
21257294
21247710
21256557
21247881
21254129
21225799
21260368
21254349
21264925
21254529
21263334
21253923
21263660
21255460
21235865
21262946
21267084
21268291
21261698
21256942
21265282
21263671
21266153
21268971
21269460
21235123
21241876
21269501
21268367
21269254
21267466
21271678
21273104
21269169
21263438
21267733
21236523
21269487
21267680
21276122
21270894
21272293
21269138
21275302
21278460
21273170
21273156
21280661
21271950
21273138
21284424
21280561
21276490
21275215
21281530
21286110
21279845
21278269
21272361
21285667
21273256
21291025
21284588
21287547
21291522
21290365
21284634
21281660
21268330
21292099
21294809
21295110
21294177
21292923
21294897
21281495
21293709
21293658
21273610
21297984
21282089
21298411
21298837
21291594
21295116
21296806
21296135
21299419
21297698
21301787
21307173
21301072
21293623
21293538
21306571
21295220
21307191
21306705
21310664
21303640
21300634
21277088
21311730
21242644
21303573
21309093
21312888
21318099
21297924
21310613
21315698
21315870
21314081
21300604
21323210
21317524
21315675
21318008
21319659
21316110
21316799
21312263
21328819
21315687
21312357
21319407
21330422
21321807
21332872
21328879
21331991
21332569
21324859
21319458
21325222
21325928
21327141
21336512
21320747
21334706
21338712
21333267
21322437
21339597
21331995
21333399
21326891
21343987
21333446
21342568
21340701
21339894
21315530
21343302
21346724
21324295
21340858
21345210
21325704
21348808
21342587
21333943
21352590
21340183
21352809
21355197
21352690
21343534
21344166
21354854
21348596
21360424
21357270
21345239
21357741
21347379
21350183
21340900
21361357
21358603
21363369
21356645
21354271
21360834
21366260
21362874
21353693
21362640
21367400
21362296
21366348
21217566
21363225
21367715
21362232
21367844
21355034
21368515
21373632
21372267
21358816
21367448
21365526
21373096
21367886
21367572
21367248
21373351
21369393
21373722
21373651
21344593
21377637
21376499
21374385
21373598
21373746
21379024
21371164
21377353
21381937
21377779
21328210
21380492
21373663
21382595
21380540
21387352
21383298
21392647
21390767
21384659
21390479
21383207
21369035
21387353
21381818
21385877
21380474
21393629
21396107
21375792
21366653
21398211
21392974
21403593
21403643
21398181
21394528
21402261
21405589
21388664
21405202
21406724
21397530
21407238
21375457
21402928
21398817
21378881
21407484
21408180
21404867
21407300
21408885
21337811
21408370
21407609
21409555
21403595
21414714
21411701
21415023
21416129
21408526
21408872
21401719
21412673
21408102
21414312
21424169
21413391
21413322
21423573
21405103
21420822
21425296
21418319
21415971
21428223
21395406
21433587
21417711
21276826
21422353
21432556
21423680
21405102
21435564
21433241
21411737
21442723
21443086
21433709
21424945
21436091
21441745
21409307
21446567
21451705
21434708
21448851
21360282
21448313
21442825
21451739
21448354
21455595
21426126
21455996
21455995
21455596
21457080
21473291
21437588
21476602
21414400
21481090
21458319
21481459
21435844
21456393
21431080
21474331
21480147
21474268
21481941
21463368
21479704
21485168
21413546
21482848
21455984
21433791
21466436
21485223
21483481
21482775
21476609
21492665
21486110
21478561
21492656
21501786
21488651
21483563
21505981
21479841
21506173
21516714
21491158
21497276
21502153
21509659
21506059
21501931
21500312
21525987
21526486
21495656
21519153
21466473
21521501
21509494
21506058
21532635
21521806
21534311
21497894
21532902
21423613
21542153
21538284
21511004
21533821
21448858
21520248
21531920
21524385
21545034
21521393
21537456
21542659
21547393
21529435
21522115
21542468
21548456
21552444
21536549
21550610
21542418
21529507
21533554
21553164
21550954
21550918
21536599
21552440
21553908
21554563
21552481
21555972
21555608
21522695
21565049
21549535
21561663
21565055
21547812
21566742
21556011
21562148
21566847
21570120
21554828
21565348
21565790
21572664
21567292
21558722
21567242
21554726
21567576
21546042
21561808
21566689
21570813
21563968
21578245
21583659
21580191
21531950
21568899
21575637
21560929
21573517
21582255
21572278
21587711
21579319
21583854
21583730
21588096
21581777
21585102
21590988
21594988
21586823
21596644
21598238
21578269
21578715
21601180
21603849
21595443
21603287
21590817
21605666
21603294
21585960
21591424
21608248
21605871
21599367
21603296
21605259
21623607
21607743
21607988
21596506
21612595
21574047
21614203
21621793
21623206
21626325
21613656
21604550
21605810
21629118
21629642
21583639
21628899
21555136
21621989
21628648
21626816
21630885
21632218
21632091
21633716
21623660
21639398
21628476
21632350
21639115
21637021
21636868
21645701
21645311
21642775
21636899
21636946
21643920
21518774
21648184
21637053
21648070
21646690
21644389
21646543
21645424
21636156
21649400
21605410
21624350
21648199
21649499
21650973
21654374
21627830
21632078
21654310
21622880
21657302
21650892
21528085
21642583
21652408
21653539
21649527
21649612
21654434
21651264
21650388
21672823
21663495
21647829
21663142
21659356
21660747
21658392
21673264
21668596
21673302
21661557
21668900
21672172
21677303
21675211
21674385
21682545
21685876
21684811
21671252
21674880
21682401
21686684
21690354
21686096
21685080
21646342
21649362
21674951
21679391
21700559
21696275
21686688
21688884
21695893
21695759
21698801
21704156
21703498
21697129
21706573
21668978
21705821
21700958
21699305
21705317
21707376
21683413
21702996
21703361
21707394
21713129
21719327
21693875
21621270
21715451
21719883
21715454
21712732
21702430
21718200
21708684
21723643
21724735
21719357
21724115
2172842
21724023
21719268
21726217
21729111
21693398
21726634
21728991
21721040
21685646
21701531
21719673
21731469
21727107
21734771
21735012
21730450
21735666
21730124
21731968
21739929
2172656
21741432
21681572
21735994
21737742
21738953
21742070
21736149
21737972
21742113
21735071
21744438
21739551
21743174
21731807
21742799
21744043
21748438
21708257
21748111
21752873
21745394
21743604
21747478
21719359
21722975
21748738
21736056
21750679
21753587
21742614
21754896
21742689
21745736
21751397
21755886
21758551
21748766
21762239
21759003
21752204
21749854
21747440
21757985
21755487
21763562
21754551
21763342
21754489
21762624
21759513
21749647
21761577
21762147
21766255
21772874
2190340
21764851
21773870
21762813
21771144
21762801
21785518
21777503
21780197
21767962
22044469
21785695
22049957
2188249
22078165
22072023
21759905
22046756
22070944
21775543
22102369
22065159
22076374
22069642
22062948
22073897
22085405
22080487
22089521
2230021
22071040
2208195
225740
225360
2305732
2321837
22086491
2432502
2466740
2679562
263836
22120545
2663567
2528947
21768460
2709047
22114331
22064250
2980167
27634
2268365
248079
3136983
3144788
21742371
22047014
2762530
2760880
3327985
2728883
2472032
312753
3407986
261526
3469149
3419640
2732881
3002207
3333174
3373954
307868
3568975
3545742
3543106
3091603
3614944
21768339
3524961
3422920
3209232
3751902
3485289
3630712
21758016
3794544
3637306
3530068
3702632
4572326
385609
3291300
4589382
4588047
3596499
3954492
4595081
468567
2812675
416690
2976685
4740013
4625568
3595563
483627
4562132
372035
402615
5063906
3601308
5310814
4585957
4617364
5077645
5736326
522310
21749733
3569773
5068005
5812905
5723181
5467127
5308478
5654385
5950403
5721475
508796
5945373
590955
580502
5768989
402173
600582
4592786
5937091
545324
603723
3760670
613014
5823808
6387431
6549882
6558048
2840068
5952979
6536454
21772669
5769404
6227481
5965520
5726389
6542755
6436383
685704
6721560
4599489
6089611
6759560
6874001
6880332
7139056
7058846
6460381
707083
683165
7231466
6560176
715886
6758698
7106873
6608771
7279428
6879397
722603
7342240
6901014
7408323
7354419
7206419
7364163
7217101
7432028
6621098
7413970
7089799
7417451
7491046
7431309
7378632
707738
7317602
7319635
755927
7502761
6600511
7424798
7557680
7617903
7558897
6543512
7411883
7619557
6829080
7675660
7444892
7671289
7691056
6191841
7661388
7655714
7642136
7261863
7656035
7722711
7710423
7757177
7713248
7597604
7641793
7794225
773614
7771557
7871181
7498534
7810123
7834664
7711650
7698338
7774411
7739063
7611211
7960419
7624030
7818344
6378619
7929826
7933582
7655635
8078517
8032615
7923794
7965574
809111
7945461
8043241
8085654
807218
7976219
8067216
8167189
8189827
8079622
8140499
7777867
8048001
8036900
8181099
8215138
7314380
7751385
8203162
7999585
8260197
8099967
8236741
8285560
8152421
8300886
8316812
8377781
7708165
8197158
8303449
8340395
8212289
8351534
7704667
8344896
8080758
8195828
8399320
8399284
8522599
5719293
8392046
8382828
8379072
8530142
8454226
8578654
8559218
8313799
8578420
8116651
8596139
8597639
8490991
8558452
8619894
8596788
8632114
8676939
8633185
8212819
8668176
8512101
8729962
8485046
8753426
8696785
8718549
8263178
8773180
8732352
8402842
8797898
8718341
881644
8573747
8837901
8783212
8836042
8759037
8782744
8812939
8687077
8799976
8881635
8863013
8887555
8087868
8874623
8637772
8774564
8873280
8910824
8844479
8849596
8827340
8861873
8898444
8918270
8934866
8829265
8835349
8929602
8973414
8917850
8982946
8891277
8985952
9059424
9069015
9087835
8937810
8949699
9112499
8839314
7546558
8739566
8780950
9087469
9123084
8957282
8977391
9364604
9130979
8999258
8217826
9445407
9333931
9113290
9137017
9150921
9207571
8975393
9573108
9170407
9624475
960616
9446610
9246434
9103657
8912252
9897572
9468435
9699065
8928474
9663725
9797503
9894616
998575
9785761
9147881
9112397
9657313
9571044
9298848
9962993
9625250
9904362
9981964
9755131
9446566
9937244
8443560
9924769
9445426
9655186
