1063169
16133657
16137915
1210773
1228061
16197369
10841979
16438573
16277903
129187
16480261
11009005
10004130
16013808
15650086
11580229
1126085
10345094
10560186
15997524
1037792
16128562
12089457
11517001
16722383
16728008
16684912
16753639
16839000
11608693
16860235
16845296
17071048
17215186
16994094
17181680
1263246
17262285
17292439
17421940
17132535
16648818
17432866
17555437
17137213
17272661
17564208
17132643
17041024
17565261
17608139
17586121
17600029
17522874
17521739
17531468
17626451
17535297
17565794
17537080
17615841
17600902
17666093
17627049
17644630
17618817
17655777
17514138
17606821
17717209
17721415
17628793
17728000
17683408
17738261
17676506
17562963
17749827
17556484
17696342
17583346
17751082
17746580
17701556
17768417
17691866
17748230
17760885
17777662
17679232
17761647
17730498
17648407
17675146
17743411
17822590
17785767
17755240
17804055
17821168
17806840
17821161
17828485
17823364
17801739
17826172
17861937
17706027
17844809
17814081
17845113
17868535
17854074
17745851
17551811
17852004
17872678
17764839
17877836
17869888
17867235
17580582
17898890
1787938
17907682
17771364
17914696
17887773
17923635
17854121
17913319
17923168
17925454
17923041
17934694
17921399
17932368
17868673
17945130
17929874
17924556
17940322
17916338
17862860
17961240
17979094
17952925
17885240
17954242
17925778
17946238
17924334
17999526
18009707
17988861
17962306
17913252
17961395
18005837
18040795
17852345
18005631
17984277
18009992
18026801
18039136
18078129
18027526
18083952
18088148
18021228
18079192
18040993
17786206
18045865
18162539
17801407
17975987
18090534
17572487
18022422
18034822
18122016
17582391
18146457
18166855
18213666
18159216
18200160
18059220
18181223
18234563
18208613
18050217
18264740
18012522
18232014
18057056
18230338
18292359
18211362
18301434
18237509
18262596
18130595
18294576
18181212
18286312
18332280
18332292
18230539
18377580
18353948
18217567
18380218
18377505
18380186
18075830
18344243
18343412
18339596
18292732
18364814
18404880
18409230
18253030
18342166
18394795
18401140
17839729
18414937
18428675
18399743
18401455
18313556
18413820
18423902
18418491
18444468
18448857
18429314
18450163
18414939
18442653
18382111
18385798
18453484
18461512
18438876
18461310
17767182
18482865
18496061
18418434
18499585
18407626
18490515
18178710
18494516
18497235
18511302
18462322
18338676
18463328
18453278
18522157
18531012
18483280
18535276
18501149
18535670
18547990
18499831
18448200
18554438
18538830
18508302
18546531
18570756
18581267
18557971
18554444
18577391
18500667
18601602
18600963
18558271
18601282
18527942
18513497
18613889
18451861
18539504
18612012
18614914
18617900
18630761
18626178
18474139
18631921
18357048
18621763
18607278
18657929
18656304
18655092
18563176
18236245
18604735
18656268
18659453
18585588
18670866
18652794
18622846
18651554
18582152
18670362
18666650
18669376
18661633
18694391
18688543
18660459
18122133
18681181
18412419
18673466
18693422
18696635
18696177
18695264
18714466
18715054
18682619
18720511
18502050
18675348
18727688
18603486
18688585
18727133
18696176
18663115
18682430
18663015
18722878
18714394
18707750
18721803
18730268
18742405
18744102
18756607
18759016
18751670
18767680
18751870
18752326
18731274
18762125
18764908
18764844
18756492
18778129
18792366
18774449
18782573
18789173
18718459
18796340
18754609
18801958
18740020
18797552
18724121
18691053
18797774
18810741
18822073
18660764
18806108
18793180
18822563
18817656
18823623
18818599
18798908
18798973
18826442
18803268
18706476
18833390
18826220
18749476
18816175
18810294
18848452
18819978
18842861
18842667
18840313
18832524
18846987
18842817
18833235
18830878
18850845
18724579
18858543
18808877
18860430
18851176
18875246
18843666
18727313
18877032
18871063
18870722
18865125
18876986
18885851
18872371
18887334
18876903
18870797
18866107
18881355
18834898
18882917
18864837
18861208
18891677
18865636
18851916
18899496
18906022
18911920
18896963
18912921
18887373
18888841
18921241
18880056
18919842
18921296
18915678
18882749
18911894
18927827
18923776
18845094
18927774
18918639
18830497
18828136
18936556
18943649
18747086
18954905
18914072
18950177
18939426
18937333
18903276
18942694
18959495
18919078
18968361
18956914
18958518
18939058
18951955
18890061
18895604
18969052
18577453
18971786
18977750
18966952
18973678
18984310
18959376
18947068
18978448
18926592
18986282
18896938
18998589
18985232
18999817
18956519
18991661
18978957
18979216
19002451
19006041
18972939
19011375
18903319
18972100
18982011
19001235
18941340
19012828
19021905
18951539
18959627
19009057
19012907
19022862
19034198
19029841
18977135
18984343
18959703
19017266
19053938
19008706
19036688
19018640
19063670
19062203
19045237
19025984
19075947
1905721
19081006
19063250
19072900
19077132
19086415
19024632
19081027
19058401
19078814
19091864
19091785
19048964
19069270
19057317
19097160
19097179
19090613
19091717
18991759
19152232
19010362
18990420
19105402
19092685
19102818
19173121
19081202
19089956
19097186
19193032
19165548
19100100
19022913
19162238
19194667
19210789
19179522
18947194
19211822
19177911
19206663
19061113
1919720
19189871
19093978
19215435
19213140
19214934
19211449
19190541
19235025
19062513
19214716
19211640
19225148
19247895
19248027
19249156
19235133
19221263
19228048
19245323
19259241
19253031
19151921
19265291
19262190
19237734
19220727
19242870
19266671
19223892
19269042
19271059
19263662
19260261
19282593
19273461
19281435
19240648
19253938
19288120
19286641
19279004
19294207
19265465
19285536
19294101
19242527
19301241
19077228
19304256
19304335
19301079
19179365
19288202
19298504
19312630
19205468
19301860
19315065
19266848
19314141
19314939
19284303
19332298
19328323
19294184
19318076
19306335
19018660
19312139
19274035
19303792
19341815
19335030
19359310
19365422
19342968
19337026
19337441
19359099
19317956
19323093
19156841
19352442
19336120
19252984
19344496
19366610
19081252
19369250
19390013
19373300
19391533
19194824
19354535
19390653
19365470
19387419
19390178
19379091
19382344
19398760
19387451
19390335
19397248
19406220
19406370
19422380
19420018
19400686
19335066
19407875
19393935
19416674
19415416
19424408
19427026
19390192
19385128
19393993
19430314
19425309
19395443
19434720
19435699
19442642
19416846
19439824
19434816
19445164
19435807
19433852
19423205
19443600
19341889
19424378
19442357
19451609
19455105
19458917
19391687
19443875
19467207
19465509
19454795
19456975
19409160
19461649
19413347
19479690
19460479
19483527
19466951
19453507
19320471
19495341
19439596
19467206
19464766
19489999
19489792
19484958
19495524
19350530
19472158
19507051
19510032
19462985
19539794
19435720
19470743
19505603
19457243
19539931
19498723
19550966
19539321
19479693
19550503
19554498
19542563
19444068
19553436
19542477
19541512
19549551
19543528
19489889
19542396
19546728
19499728
19553448
19554693
19541235
19543288
19561734
19566029
19469219
19558852
19567545
19575054
19496315
19557250
19573584
19588009
19579646
19580835
19587391
19562375
19597222
19587587
19584085
19565761
19602308
19598106
1956980
19605151
19601357
19590807
19561013
19571701
19606278
19590909
19580409
19596887
19053745
19601555
19603126
19607904
19622105
19601263
19621628
19605625
19613841
19606117
19557264
19609759
19626888
19543702
19626932
19606364
19611075
19620234
19635773
19636571
19642337
19632080
19586187
19641794
19641757
19570349
19647589
19648962
19656380
19630553
19647380
19613873
19650819
19624887
19642349
19651969
19655909
19620569
19656832
19660454
19660617
19656981
19656977
19663018
19636789
19665769
19673403
19574987
19633922
19672038
19672973
19630497
19676630
19676447
19656924
19676857
19669419
19606639
19657908
19679573
19687180
19675302
19685795
19687154
19677778
19692232
19697017
19647629
19696181
19696477
19695943
19673396
19697306
19697141
19700654
19705123
19692603
19703341
19707845
19652207
19687004
19703239
19689176
19714557
19700711
19703453
19717560
19684408
19717504
19735727
19647203
19719739
19739176
19737975
19741952
19740256
19723869
19730423
19741107
19736309
19744338
19631994
19721239
19726643
19747829
19744400
19746672
19746687
19752218
19744420
19755393
19747676
19734089
19665440
19761683
19688225
19761148
19722364
19786143
19785097
19706773
19752387
19675431
19786427
19789061
19746910
19796092
19796619
19732655
19762965
19780214
19808089
19661703
19792633
19791145
19790889
19808801
19802325
19812727
19798291
19806874
19810744
19813688
19810786
19801088
19761733
19821559
19821175
19827422
19824728
19683566
19765732
19808230
19825133
19833654
19828803
19827216
19834110
19841161
19839652
19838220
19845927
19610201
19836209
19839696
19857672
19822805
19852002
19861637
19863219
19805245
19857834
19864274
19831909
19812720
19849629
19853523
19881177
19839708
19880273
19845002
19830810
19864758
19747869
19859538
19844580
19876076
19864834
19897446
19876570
19863220
19882849
19907626
19888262
19886367
19888457
19769433
19906438
19899947
19902976
19906193
19927549
19911610
19909949
19838312
19896834
19888627
19945324
19929628
19912816
19939745
19895004
19922490
19833850
19900789
19951268
19953581
19889345
19957992
19952033
19795613
19938184
19934325
19962703
19956485
19914906
19959552
19964307
19944248
19961525
19972667
19952927
19982024
19968563
19982982
19983682
19985316
19981471
19959156
19986641
19963890
19972985
19964344
19962706
19988485
19969392
19990697
19957884
19994804
19947247
19989501
19981315
19995697
20002179
19998051
19969294
19915361
19997655
20011879
19779094
19972549
19989779
20015448
20006632
19989614
20002946
20017784
20006682
20018221
20023628
20024245
20016338
20017286
20017691
20012165
20003031
19950042
20038106
20048764
19981502
19995402
20027287
20004447
20026003
20043358
20042906
20033987
20023393
20052853
20040536
20054870
20058221
20038015
20023707
20048629
20071225
20069024
20008006
19664158
20075616
20065390
20048540
20057949
20074889
20067301
20058027
20079423
20079708
20081451
19983414
20069319
20081413
20076198
20084858
20074683
20084036
20079522
20066368
20081344
20083064
20084113
20054595
20083018
20085388
20080393
20087100
20096640
20073929
20090555
20066030
20052962
20093642
20096677
20096749
20084170
20097021
20091208
20117612
20105279
20094178
20078862
20088601
20096736
20119079
20126614
20099248
20121817
20102768
20141011
20134495
20117773
20125920
20144359
20112334
2014411
20143610
20154215
20109822
20134644
20082151
20164678
20077919
20153017
20146501
20103843
20137238
20111163
20166832
20160807
20151675
20128915
20150249
20188565
20085156
20112752
20165729
20172124
20102886
20188408
20198008
20160430
20192176
20191431
20195422
20202625
20171676
20207565
20205117
20198072
20219881
20169360
20216605
20214987
20207503
20227521
20224479
20142774
20220316
20172206
20227824
20166939
20231882
20228500
20228735
20235605
20176996
20229981
20236522
20229690
20231060
20166702
20236953
20212148
20238367
20241526
20230946
20224971
20243926
20243690
19990941
20201220
20247661
20238512
20236532
20155818
20243964
20242520
20255131
20242563
20262661
20247704
20260947
20270095
20269690
20271365
20251912
20257720
20196754
20247640
20244046
20247907
20285858
20292557
20264349
20288022
20270834
20258321
20275862
20297590
20207852
19789026
20289889
20298429
20253989
20300594
20298803
20270352
20312218
20301920
20301014
20261141
20294247
20282088
20283336
20290016
20308961
20253691
20322309
20318998
20312146
20322792
20322646
20327460
20307514
20340461
20319285
20332882
20319642
20271470
20331796
20305718
20336240
20342286
20317868
20339035
20346881
20344359
20346403
20341949
20301885
20360074
20334538
20333543
20359417
20349245
20358758
20327919
20349942
20369373
20370681
20373670
20370659
20360572
20377001
20366673
20377580
20377034
20365139
20352424
20381329
20376411
20370772
20372062
20322495
20379932
20387774
20386360
20385331
20386180
20390975
20332217
20385164
20378288
20391732
20393048
20399314
20379438
20389478
20390007
20367882
20396202
20399276
20389534
20400087
20383276
20356364
20396624
20405902
20352000
20403875
20397868
20388025
20398498
20406840
20408123
20410560
20410003
20408570
20400672
20415695
20413897
20417158
20295546
20405657
20416033
20419684
20415385
20416637
20413168
20413039
20350894
20418817
20419542
20426534
20401160
20428088
20423662
20420452
20403758
20430231
20428131
20426549
20433141
20427974
20416871
20435397
20409998
20406612
20438238
20401286
20437512
20428007
20431759
20430514
20423673
20434337
20438241
20426614
20441851
20438566
20434453
20442829
20443289
20431723
20442846
20195432
20437305
20448798
20407048
20447702
20441501
20451543
20443646
20425181
20450417
20443430
20454415
20439729
20457155
20454552
20443723
20441334
20452855
20466938
20459888
20437260
20464312
20443664
20450200
20460517
20467132
20463693
20464277
20462721
20453675
20470709
20470889
20470685
20465971
20487948
20478485
20448710
20487744
20488276
20471469
20489480
20475863
20487903
20496857
20465582
20483697
20496869
20490297
20492395
20476322
20491234
20480415
20494024
20492886
20497403
20498751
20498659
20508157
20505515
20479951
20507821
20513029
20442559
20518209
20508373
20520323
20522845
20526178
20509321
20461154
20254788
20524027
20475799
20496248
20517171
20510037
20525812
20533234
20529276
20535390
20526492
20513067
20546251
20517188
20547426
20523231
20541694
20506749
20552383
20528242
20537137
20545644
20537433
20420584
20546267
20556214
20557040
20553213
20545673
20554913
20545005
20557765
20547804
20529330
20552282
20535859
20569507
20574870
20570964
20567833
20577499
20578069
20570857
20577755
20541365
20567504
20573533
20585937
20588162
20576675
20582888
20583450
20578449
20450304
20486770
20597216
20585002
20595481
20596686
20591905
20582899
20604752
20598026
20557768
20532406
20559054
20604875
20582410
20601451
20556524
20592004
20610090
20577015
20612970
20605293
20613789
20600580
20615331
20566705
20600668
20595410
20618688
20613110
20617110
20613915
20604318
20620064
20617153
20618484
20621638
20624484
20631346
20617555
20618946
20627458
20514473
20632584
20633280
20591088
20610124
20628505
20634474
20627598
20632586
20604690
20641431
20637780
20638156
20633878
20635505
20621422
20645139
20645802
20628670
20649362
20637238
20632784
20625842
20642393
20648336
20651419
20642668
20650034
20643979
20626124
20654742
20651936
20654900
20655985
20654707
20657611
20658902
20647639
20646251
20642244
20657933
20662940
20657803
20597705
20659259
20664504
20661993
20661588
20648915
20670821
20675382
20648309
20642185
20673226
20683950
20644284
20658858
20663992
20682293
20686232
20689121
20673565
20624046
20674853
20687841
20674534
20655164
20681887
20686322
20696353
20690895
20695663
20700669
20699080
20690810
20690555
20697537
20695954
20661058
20701355
20703583
20698724
20710131
20708995
20691197
20683144
20703656
20711364
20664525
20619840
20705018
20708248
20720202
20715115
20711905
20705929
20710190
20715743
20716885
20704908
20718731
20657458
20720362
20726574
20720215
20673324
20724969
20712375
20724022
20711298
20674882
20723047
20712328
20722695
20724583
20732008
20734336
20734411
20735475
20733545
20713642
20733620
20727184
20723379
20736764
20727958
20741846
20736428
20728804
20742998
20703637
20734891
20726593
20741569
20738668
20743518
20741469
20743412
20750401
20745916
20740069
20740902
20751810
20743452
20728009
20753208
20695713
20752621
20754947
20727193
20696011
20754524
20754877
20760640
20754415
20758554
20746557
20750026
20760767
20756149
20764328
20757962
20756667
20756180
20764334
20751786
20746565
20765511
20761013
20753791
20769705
20762510
20765282
20751700
20746594
20755104
20765354
20772705
20770958
20777951
20774399
20761034
20778168
20765297
20786242
20779525
20768034
20781935
20780929
20776211
20760392
20775437
20790062
20781992
20782900
20768808
20777943
20797122
20728721
20786281
20768868
20793052
20800208
20764799
20771020
20795484
20800302
20800462
20790842
20803204
20756214
20792112
20800194
20774435
20803229
20803686
20803835
20800456
20798389
20804873
20807598
20796780
20807952
20808192
20805528
20803240
20803487
20799120
20803195
20809066
20797303
20787713
20807533
20812992
20811714
20806088
20815671
20804831
20802351
20788234
20813482
20811532
20819847
20816764
20810703
20820650
20800489
20821665
20820515
20810341
20820511
20811578
20824359
20824616
20815778
20833589
20813248
20824429
20825640
20815539
20823179
20834804
20820654
20813507
20803722
20833428
20835816
20839392
20815853
20841790
20835762
20839744
20839719
20830860
20841865
20834794
20842913
20841914
20819260
20843433
20843438
20833843
20842869
20847181
20843555
20844633
20849751
20847172
20847095
20850953
20847205
20844477
20853015
20843638
20805030
20832969
20819722
20851052
20853373
20839401
20849324
20847223
20853721
20844519
20852293
20851988
20854474
20854754
20851424
20854782
20853288
20857858
20853321
20857221
20857188
20863705
20853705
20854532
20857799
20859978
20857922
20860342
20854446
20866016
20864574
20871094
20873197
20870125
20860524
20871748
20867603
20870107
20873119
20868367
20873832
20868287
20875897
20876626
20876072
20879726
20862213
20880234
20874642
20880663
20839494
20879856
20881477
20882343
20882242
20879307
20879716
20881334
20854702
20876656
20885978
20886789
20853912
20887131
20875855
20866082
20884704
20888406
20888073
20882233
20887957
20889581
20891053
20866852
20967619
20809151
20968742
20890910
20967909
20889515
20891334
20887511
20888499
20890079
20971343
20970045
20972332
20888065
20972375
20972280
20974548
20808047
20967912
20972298
20898362
20974838
20887120
20976135
20973837
20976329
20891342
20972258
20976506
20974364
20978372
20977092
20978405
20970551
20977396
20885450
20978379
20980518
20980545
20984114
20871756
20980230
20980611
20979553
20979278
20980624
20985808
20992902
20979364
20998459
20995161
20994020
20989641
20978490
21002720
21003214
21001173
20989402
20999742
20975306
20984634
20994121
21007179
20996878
20880602
20794635
20970784
21003337
21004621
20995697
21000726
21005539
21009253
21004451
21007624
21012168
21012001
21004671
21012541
21013227
21013692
20978233
21007863
21004660
21004794
21012550
21013197
21005885
21011714
21012115
21014089
21017531
21019040
21018463
21017245
21014142
21017565
21020452
21017481
21013672
21022966
21013556
20101075
21011735
21023031
21018740
21020034
21019168
21033880
21025602
21021749
21022678
21013575
21034303
21027933
21036062
21032229
21036198
21036279
21038202
21038188
21016173
21021823
21029377
21043056
21040221
21041468
21043894
21013961
21009650
21007913
21029464
21043093
21041177
21041445
20972766
21037083
21031430
21050416
21051309
21052995
21055941
21047106
21041458
21058177
21054017
21057442
21047265
21055267
21060886
21053919
21057516
21056863
21066881
21049827
21050349
21021690
21068654
21060774
21068651
21054458
21068128
21068100
21061688
21060425
21072189
21070113
21068141
21068750
21052815
21045510
21069093
21069128
21066884
21068686
21076718
21068712
21078341
21071622
21077094
21079160
21081025
21077663
21078752
21070048
21037578
21073595
21085043
21082573
21078737
21072560
21086471
21084149
21037176
21083908
21093437
21082832
21084444
21015951
21088094
21099961
21098408
21073252
21082930
21089325
21101598
21069856
2109061
20890042
21090749
21101492
21103033
21102359
21097532
21087982
21087459
21103602
21104668
21104301
21103142
21085231
21105876
21105338
21101034
21107601
21083882
21105280
21103145
21093805
21106602
21104765
21098589
21106802
21110103
21108642
21113619
21106167
21107168
21110825
21118442
21119559
21116343
21116028
21034208
21113606
21116456
21102979
21123985
21126051
21114751
21126643
21122569
21109857
21133163
21112048
21130671
21129674
21127581
21119966
21129498
21135971
21139462
21138991
21137803
21138994
21115050
21126650
21127884
21134503
21116779
21140073
21120762
21141553
21141905
21142839
21140349
21151086
21100972
21139358
21151562
21144203
21090670
21144243
21121893
21154589
21142903
21155476
21150410
21153239
21151476
21144470
21156159
21154549
21158293
21156878
21158590
21152403
21156824
21148896
21149307
21162704
21155741
21159587
21162552
21159510
21161764
21164375
21159570
21159490
21154260
21136169
21174170
21173786
21173871
21174220
21171491
21178105
21175285
21169552
21179587
21162707
21180626
21174362
2117567
21178919
21156870
21178984
21155029
21187119
21184637
21172784
21183215
21184741
21186474
21203312
21202631
21204514
21203294
21180906
21179042
21174991
21178711
21205639
21162433
21205078
21199718
21206588
21209007
21178540
21203336
21179450
21214514
21215002
21206187
21203170
21204625
21184670
21214147
21116033
21203570
21220927
21077901
21116365
21222591
21180673
21214160
21220589
21222307
21219727
21153820
21216903
21221054
21226486
21231827
21223055
21219245
21224046
21205830
21212650
21211089
21233147
21237227
21227302
21236187
21237262
21229676
21234947
21232126
21211746
21230777
21237069
21204821
21237579
21239067
21244890
21247071
21243668
21218375
21241965
21244716
21239545
21247016
21241413
21242827
21249221
21248872
21249122
21211133
21101537
21251742
21249979
21250942
21236536
21239036
21253376
21244061
21253226
21254360
21223259
21255601
21249763
21261617
21250048
21252374
21249871
21222936
21258696
21255543
21230070
21258733
21265976
21247853
21267079
21257106
21262154
21257342
21266098
21269284
21258291
21269119
21261615
21265189
21244566
21267095
21266156
21272953
21271929
21257081
21255558
21273531
21272928
21273139
21276999
21263239
21233546
21265850
2127758
21273650
21279383
21271980
21275090
21276965
21279863
21275155
21275077
21279950
21278384
21266138
21285666
21270561
21284232
21275976
21283552
21286336
21292554
21291042
21283848
21279451
21286148
21267037
21293620
21285745
21266727
21285772
21294345
21293553
21296656
21293680
21297718
21297086
21280834
21269415
21276984
21297880
21291471
21297200
21295170
21294901
21299288
21299361
21286091
21297669
21294350
21302629
21299761
21304100
21304170
21304776
21298103
21298140
21271193
21294840
21303457
21297852
21302799
21304865
21276997
21299739
21306682
21312160
21308832
21313039
21298831
21309605
21298866
21301866
21307643
21303496
21316810
21313730
21316876
21293605
21220945
21315792
21312960
21314593
21311501
21314121
21317883
21315801
21301255
21318042
21309124
21306835
21319763
21319329
21320814
21317608
21319478
21322245
21321782
21324862
21322239
21319503
21322472
21287545
21313655
21319150
21327124
21324241
21320863
21326920
21325521
21322722
21328221
21324262
21327127
21320861
21305671
21326351
21327191
21328802
21328764
21316776
21320844
21329776
21332864
21333413
21326047
21324510
21327527
21334729
21330474
21318398
21332019
21337265
21333310
21334765
21331400
21334716
21339647
21338959
21340394
21338547
21339655
21337844
21333405
21329010
21331395
21337211
21337949
21345232
21342320
21332047
21337157
21346710
21329663
21342641
21343668
21346170
21343326
21340408
21340814
21339517
21347279
21347271
21350029
21354341
21340839
21345089
21357773
21339056
21355390
21357800
21350232
21349194
21348664
21354173
21357828
21341183
21360569
21328742
21347340
21354344
21363721
21363779
21359617
21352371
21357908
21365958
21360472
21322202
21356246
21351721
21366136
21364226
21361278
21364757
21368616
21371964
21364753
21363808
21367559
21371616
21373565
21370504
21368528
21366766
21373736
21366792
21373645
21374887
21376430
21281098
21373721
21373587
21376030
21361908
21372151
21380504
21376333
21307193
21381273
21378825
21380855
21388807
21379994
21365161
21387593
21375904
21373382
21386120
21372275
21374819
21388679
21393410
21391545
21368955
21366250
21392936
21383339
21396498
21397782
21389059
21395148
21383110
21355222
21406236
21392982
21389981
21399028
21403780
2139580
21401257
21390263
21410369
21397417
21412984
21407614
21419389
21405093
21403254
21407303
21418307
21405074
21378940
21370385
21432546
21432780
21408216
21423464
21425809
21404162
21412270
21433763
21437618
21410109
21437501
21437571
21439295
21437652
21430253
21438170
21425798
21443739
21448318
21443389
21432614
21440364
21444195
21451749
21414318
21403491
21455871
21447060
21423672
21429342
21478078
21448463
21420943
21420847
21458290
21479676
21483518
21451053
21476546
21472077
21474501
21487833
21482430
21448152
21485875
21485019
21488545
21485166
21477382
21486203
21494153
21434834
21463757
21459065
21486357
21492349
21489965
21501719
21481361
21498121
21490181
21491900
21502430
21479069
21502148
21516420
21513061
21492572
21484905
21518517
21521509
21507101
21524030
21522479
21458289
21386336
21525944
21504627
21520749
21525951
21519321
21520263
21526183
21348458
21527523
21529831
21520191
21532548
21529498
21524428
21522346
21537428
21538607
21529744
21540433
21521419
21518817
21505961
21534828
21526452
21526495
21537440
21544943
21523940
21545956
21549458
21552902
21549169
21557264
21550623
21548665
21557505
21560699
21542464
21560860
21565388
21563961
21567582
21560702
21523641
21563549
21555250
21333317
21572938
21575283
21569710
21495534
21573516
21569544
21558798
21574415
21580233
21581511
21585442
21575749
21566905
21553844
21577471
21564399
21577749
21542454
21578240
21587919
21589513
21563081
21590946
21587914
21592275
21533355
21589924
21597503
21577320
21593090
21585445
21600985
21597601
21596585
21593467
21588424
21594230
21591025
21578660
21549660
21613361
21613434
21598988
21600310
21568638
21603374
21600886
21599331
21607624
21620397
21603461
21618980
21601054
21607244
21613789
21579479
21597644
21622118
21625681
21625204
21608099
21606379
21608440
21629609
21625159
21623960
21631716
21623108
21623189
21634475
21634456
21620448
21608512
21634362
21635229
21638342
21628107
21634376
21636040
21639654
21610622
21627372
21644764
21628741
21639884
21620850
21643708
21627948
21641341
21646224
21649262
21646379
21637118
21649766
21646300
21621458
21654036
21646377
21632061
21638363
21640443
21658754
21655779
21647873
21654402
21654417
21653297
21659013
21641889
21649314
21656636
21672363
21646616
21655612
21663583
21654776
21660580
21654924
21640662
21669447
21675930
21668298
21635678
21673206
21667988
21673304
21660448
21687030
21677310
21673791
21469776
21680979
21663087
21685731
21685835
21688813
21637072
21682100
21690674
21685228
21694607
21679498
21690849
21661953
21692824
21670301
21683304
21674896
21700199
21680850
21702425
21701063
21688909
21694170
21681031
21701176
21704444
21703722
21696688
21706371
21699135
21702535
21703560
21704220
21704887
21713195
21696676
21708404
21712644
21703627
21719217
21716608
21713750
21654137
21716013
21709347
21716613
21713726
21725693
21706996
21704870
21725689
21726570
21710355
21727629
21730337
21721209
21707353
21731940
21734748
21732257
21731395
21734820
21715540
21726673
21734766
21722973
21723060
21714694
21736408
21735958
21718332
21731860
21716819
21678308
21739594
21732915
21735171
21741034
21722046
21739307
21705275
21719831
21736288
2174195
21742095
21740086
21736983
21742681
21741539
21742340
21749609
21739648
21748626
21742550
21746433
21742946
21743915
21749621
21748309
21752864
21750591
21757141
21743030
21750638
21710854
21754385
21755515
21751233
21763166
21753137
21748008
21736622
21757536
21761635
21758995
21744214
21760660
21752553
21739907
21754744
21752203
21743055
2177842
21773500
21770678
21783636
21770764
21734939
21767084
21774849
21783841
21773491
21779485
21775584
21781908
21774096
21774028
21779123
21750880
21778717
2188014
21743988
21773370
2194780
21785330
21785756
21769000
21761604
21785200
22079324
22046510
22046948
22046468
22052734
22058154
21784020
22055252
21772985
22071128
22089760
22062906
2466300
22064181
22086666
2297549
22069973
22837625
22086644
22101564
22045345
22111572
22048506
2555139
22072059
2662518
22088162
2497478
2666247
2758900
2740268
2754110
22087276
2891696
2477644
2789596
2603262
2728185
2659478
253580
2890097
3029327
2312736
3085502
3025957
3203239
2825764
21755792
3179969
2837202
22051064
3119327
3051243
3418179
3311651
3050676
3063353
2734558
3362376
2672014
3517742
3235117
22107760
3405637
3185411
2263881
3592749
3372192
3558658
3599662
3372199
3223750
3652110
3623647
3641236
3566836
3599019
3701392
365364
3925194
3340189
424047
4253865
3598266
3131441
3803039
3741645
3769876
429205
3567661
3415795
21785077
3694741
455364
3667537
2772144
448964
3614925
4568731
4620383
3473027
4767198
4571406
432456
4714591
4636875
4632263
4586389
4980674
5052725
448622
4570823
505992
4776126
4963560
3629106
5432946
498697
5043243
457974
5073892
5653515
5313163
499943
5724697
5826115
5319163
5446130
5653699
4704807
3762964
5292331
4799304
588215
4652175
5906785
587723
5829110
3595997
4625385
587983
5073273
4591057
5698015
589636
6079277
600432
5955763
6374270
603411
6078403
596145
618704
6141441
6586147
6058307
6618995
6789974
6419648
4432311
6513181
599400
5956580
6762357
6796802
6441634
6421415
690154
6089916
7035236
6387694
6769748
639890
7088353
6798164
6596266
6886035
7099530
7013687
6871590
6780532
7138275
701723
7307831
5305752
7246955
7188415
7124939
7460178
7323140
6621725
7133402
7519836
7293255
7440080
7458413
7460674
7072412
7532751
7340385
7141583
7572492
7560708
7640289
7577144
7540297
7560627
7461821
6856921
7268021
7696740
7708216
7438843
7063875
7636576
687563
7575076
7683687
7735425
7096563
7682986
7270881
786093
7863288
7850056
7788605
7555080
7864386
7592957
7841669
786970
7957144
7790745
7774239
7938520
7885847
7963687
8051401
7915875
7828982
8026001
770711
8021914
7900076
7738516
8061445
8048320
8088204
8073517
7917901
8043699
8049289
8108152
8100259
7495447
8157376
7962058
7925479
8185344
8194180
8175452
8218740
8003240
6063421
8185328
8078012
8200650
8206556
8176667
8234003
811504
8217968
8221577
837429
8300006
8271946
8062244
8300876
8231369
8406223
8121839
8385158
8383189
8323418
8335982
8440272
8473392
8451728
8384080
8460051
6501642
8509816
8496534
8557595
8488281
8540874
8515722
8443470
8445476
8630168
8619669
8592511
8455618
8354645
8510726
8402059
8650309
8355038
8640428
8200230
8610695
8685180
8635577
8661308
8683828
8694867
8597877
8714617
8714167
8645543
8772970
8702305
8738259
8688882
8742090
8766359
8301184
8737175
8780093
8758738
8851990
8425320
8794553
8804032
8565039
8804574
8637964
8883429
8876280
8851826
8858306
8078009
8934085
8781015
8934280
8918069
8198118
8869616
8964823
8935418
8976849
8971128
8991469
8571430
4886008
8928848
9014205
8879735
8970246
8778563
9123816
9056175
9131065
9202020
9018134
9246492
9070798
9384364
8871672
9158571
9278312
9181823
9147481
9080095
9373869
9432699
9674847
9424431
966098
9691242
9363957
8717043
9531874
9533214
9691720
9432367
8966742
9562548
929794
934623
9751526
9893707
98974
9548580
8895579
8937371
8887551
8899309
9341107
9181792
7994333
