10081426
10079183
10004130
10072836
10080095
1004767
1008648
10085162
100478
10030582
10115360
10132401
1007807
10053464
10041053
10089725
10056878
10182829
10174524
10211087
10201335
1017642
10243929
10191571
1019403
10186718
10165628
1026045
10275800
1026105
10139392
10147674
10148462
10278642
10208639
10250707
10213122
1019320
10217210
10300928
10182404
10182371
10094332
10218972
10318966
10320416
10319748
10209882
10300128
1025334
10307944
1027231
10317938
10174596
10286795
10345094
10346895
1037792
10357423
10370235
10341657
1036459
1038444
10352675
10366247
10379516
10360104
1036420
10381155
1037771
10386431
1033400
10385483
10385617
10386378
10320443
1037920
10368857
10389837
10388167
10379195
10386325
1037338
10391044
10320961
10389228
10386165
10386767
10363405
10354419
10366464
10390460
1038117
10386008
10510426
10532918
10560186
10428895
10458087
10428393
10446645
10391202
10391235
1053869
1063169
10617135
10643603
10630931
1064537
10569921
10449878
1061693
10508894
10653226
1064533
10653731
10621134
10431202
10530566
10530966
1054812
10447418
10535179
10626724
10661117
10399927
10674795
10652923
10411723
10412087
10427202
10610170
10657805
10674778
10679927
10728945
10789069
10753326
10782171
1071619
10835858
10743541
10786335
1081085
10693977
10841979
1068388
1080944
10821581
10726883
1078341
10678673
10830112
10868889
10861306
1075474
1076441
10907986
1084430
10912148
10836758
10753319
10884979
10870561
1089198
1089483
1086088
10851008
10875163
1081292
10683328
10861257
10676963
10683440
1093202
1094302
10960661
10946890
10935655
10953277
1094480
1094232
10964303
1095426
1100011
10995785
10982455
11009005
10987263
1102881
10957879
1100717
10996365
11047306
11002824
10936484
10986690
11025774
10916739
1093467
1099326
1103110
10987268
11058556
1094929
10978195
1095658
11063289
1101653
11057337
10936591
11002835
10935871
11026674
11161054
11176758
1118417
1108058
11186316
11197989
11066973
11158999
1114898
11102691
11102657
11102688
1126085
1125624
1126277
1117094
11139988
11179161
11210314
11292406
11108805
11137202
1106678
11198562
1128304
1128902
11107782
11214112
11200054
11171590
1129230
11099153
11186914
1127402
1129257
11206123
11292457
11201557
11201537
1117792
11406160
1133520
1138485
11386597
11298160
1130195
1135052
1143260
1141262
11384312
11293361
1146081
1135354
11517001
11514215
1133914
1142628
1150078
11446131
11466028
11466595
11296524
11513746
11470073
1150525
1140459
11410492
11549598
11550797
1151835
1149423
11531340
1150480
11499595
11521756
115303
11393216
11484352
1167223
11580229
11608693
1168905
11745371
11652073
1168149
11564226
1161107
11552025
1160319
11612425
11754928
11675838
11750072
11651626
11756856
1173744
1157301
1157234
1178676
1177924
115749
11780667
1186617
11868200
11750965
11760349
1188883
1194835
1186675
11850261
11732102
1198814
11843698
1187274
1194542
11965655
1197441
1192369
12089457
11910064
12098463
1210773
1203219
1184363
1195941
12095557
1202651
11976253
12091448
11761137
11886304
12122105
11925327
1204112
12130570
12131329
12125086
1170269
12144527
1189250
12129391
1204307
1228061
12119469
11942569
12109079
12168856
12220148
1220083
12283667
12170866
12121757
123456789
12313050
1213972
11801720
12098466
12076850
1233800
12378666
12195639
12250659
1213863
12362461
12430865
1241718
12426857
124490
1233017
12455685
1235701
1253485
1248305
12398056
12497067
1232876
1255246
12538244
12414065
1258172
1258525
1234552
1263246
12478711
1253443
12463260
12665646
12503640
1161648
12269751
1262348
12540639
1256582
1270960
1232329
12714259
12664519
12645443
12185977
1271559
12476894
12637520
1279657
1273587
12697666
12791400
126385
1261023
12845185
12721277
1282544
1269432
1285001
1288999
12776640
12891379
12869979
129187
12810767
1288172
1284565
12862776
1276502
1290606
1291652
12822768
1291304
12353685
12912222
1296637
1301867
12938176
12170890
1299445
12950605
12869405
12813629
13041760
1303209
1302793
1262427
1290039
1308851
1293946
12986363
1308501
1306305
1295108
12972765
1308202
12993364
1305722
13053360
1297256
12749040
12834191
13150763
1306621
1317441
1310943
1310993
13100986
13041160
13183565
1322721
13163563
1322048
1324297
1295413
13119161
1324895
13121593
1324955
13120375
1320577
1321406
13218365
13265570
1326681
13210769
13228761
1327069
13286002
1315574
13250710
13142573
1309373
13301572
13339628
1329285
13388370
13225830
1326648
13388505
13348033
13409360
1328665
13353201
13310675
13359361
1322880
13388909
1332617
1354721
1245473
1322809
13549416
13287599
13399803
13559827
13488968
13570181
13720364
13450593
13481164
13708533
1337598
13724519
13285772
13587765
13686609
1338095
13859711
13857326
13752967
1340214
13829370
13772671
13858541
13839909
13929110
13864622
13718719
13867713
13809548
13686664
13957958
14058108
13935574
13808909
13224819
13970
13455037
14053711
14109430
13389167
13929072
13895410
14072309
13823110
14101955
13722041
14124978
14127115
14247749
14224182
14186854
14155762
14071929
14212518
1293088
14140597
13458968
1428155
14288899
14293717
13955909
14223347
14070157
14019939
14306553
14320939
14161910
14299174
14268315
14448552
14399555
1438272
14367969
14203513
1435829
1433681
14468361
13910716
14288839
1454285
14503423
14467895
14109425
14514721
1461145
13957965
1461232
14475627
14454726
14710813
14588514
14474736
14424909
14467783
14749173
14518107
14729031
14205507
14786488
14658741
14548508
14534382
14780553
14567308
1317685
14748980
14810653
14727806
14802437
1437442
14816241
1488528
1473255
14729147
14419741
14882837
14891047
14870883
14862307
14785861
14869448
14949297
14944919
14780291
14797846
14910468
15083689
14943086
15085239
14620337
14900058
14414108
1487872
1460660
15125430
14900079
14939839
1492035
15015245
1498772
15138855
15133018
1514468
15045867
1499148
15258019
15223042
15279217
15085395
15425332
15445928
15297616
15084630
15453026
15170093
15380575
15476959
15452931
15364028
15284838
14988701
15349566
15323263
15079778
15382668
15120146
15155816
14980368
15437930
15536743
15535536
15650086
15597770
15645769
1559545
15646322
15511000
15630644
15654335
15646003
15653277
15574968
15657076
15689496
15643086
15520353
15664169
15650050
15520319
15572336
15648975
15646319
15661633
15688192
15657202
15479763
15689542
15702156
15477579
15699442
15684622
15704352
15705320
15697187
15717841
15660653
10192082
15728869
15705135
15698935
15722716
15743215
15697760
15710122
15723922
15698988
15714423
15752925
15731433
1573130
15750337
15708797
15630665
15730513
15759955
15761704
15691898
15755983
15728370
15778227
1569590
15752963
15748081
15752709
15798471
15699528
15701479
15783349
15803747
15722159
15795689
15786272
15769617
15799839
15792702
15815345
15822932
15766610
15839734
15758187
15760528
15758489
15811924
15815280
15765993
15816690
15838632
15865446
15854764
15819623
1584184
15855653
15823628
15880065
15873182
15855695
15817125
15791498
15858473
15886768
15890617
15849313
15873090
15708622
15918966
15935585
15937112
15918004
15940387
15941376
15845318
15840627
15904279
15931035
15914518
15834996
15890739
15889991
15952780
15948191
15943429
15697046
15947247
15845575
15968458
15815969
15953810
15887096
15959206
15967778
15968380
15955689
15969607
1594488
15968466
15969725
15978551
15978443
15986743
15997524
15888835
15942188
15975268
15977342
15995162
15938209
16004323
15975236
16013808
15987941
15768934
15997545
15989618
15997554
15976338
15984255
15949682
15980287
16007077
16022366
16019046
15967757
16009512
16017150
16053140
16096104
16091812
16023416
16014228
16016447
16095504
15989447
16097917
15918642
16096891
16107790
16128562
16003918
16104315
16099484
16102234
16115314
16127950
16132077
16133657
16018953
16137915
16128894
16131169
16127820
16103663
16138666
16137866
16138014
16122416
16024886
16121352
16142451
16146987
15698640
16138418
16139650
16092572
16145544
16147468
16140785
16133109
16143421
16066767
16150977
16142157
16018829
16139000
15876191
16013104
16131499
16170228
16175225
16155104
16181323
16155915
16155093
16157582
16182054
16176049
16183747
16171121
16188503
16189654
16168912
16197369
16156777
16182124
16173377
16181523
16172733
16172295
16155578
16191991
16202910
16158447
16197862
16241815
16199256
16228166
16233090
16246396
16193551
16235538
16247424
16170178
16212965
16242580
16243464
16204945
16242738
16235601
16251407
16247792
16215057
16193320
16236000
16246663
16251651
16256717
16270873
16187891
16246407
16277903
16218946
16229974
16273618
16264412
16287336
16265274
16275150
16288911
16285641
16294083
16255681
16269036
16294499
16251458
16167593
16254284
1628714
16249950
16154311
16297228
16275778
16304812
16194869
16287341
16305370
16309224
16293387
1629645
16337771
16295585
16257877
16319071
16325122
16258267
1634969
16350438
16335808
16344806
16347793
16326554
16337982
16303000
16337852
16317466
16335546
16361837
16365557
16356001
16357913
16304447
16369369
16256382
16358287
16382412
16359599
16356294
16390710
16388299
16382893
16356474
16382538
1639483
16323983
16307710
16378875
16399512
16395874
16402730
16403740
16403855
16393755
16343346
1638094
16395052
16305353
16401800
16369686
16398059
16409822
16369677
16406099
16399876
16397247
16426616
16424273
16403025
16406003
16410381
16433169
16438573
16385917
16406024
16425301
16294957
16261381
1639468
16442240
16407707
16443913
1643976
16443636
16429220
16429326
16453896
1644582
16428578
16281978
16383418
16433759
16449427
16432237
16471224
16472246
16443797
16464263
16480261
16464757
1644692
16452629
16443893
16437191
16444136
16437096
16447460
16414511
16466214
16489400
16436941
16483608
16486736
16501387
16476476
16453921
16438027
16456209
16486524
16477516
1649755
16486490
16438625
16500574
16502664
16507757
16507583
16514497
16466984
16515201
16512226
1651967
16515646
16520284
16520316
16522932
16512233
16509029
16474240
16504539
16513606
16529877
16514611
16546244
16527523
16530450
16530994
16518114
16523207
16504124
16521167
16549870
16548096
16511734
16486507
16551901
16558656
16530862
16556383
16554165
16551887
16481964
1656441
16567062
16523100
16528798
16572084
16559095
16557543
16498452
16522254
16564921
16569198
16580581
16571693
16518045
16564756
16570676
16580937
16573906
16580711
16595195
16496674
16585155
16589854
16576118
16593025
16594068
16551226
16551493
16596476
16608947
16598665
16595990
16585590
16595202
16574249
16603869
16637489
16621264
16639988
16618986
16600630
16628072
16648818
16483354
16626580
16595604
16628405
16611235
16619349
16651559
16646499
16646748
16653486
16626408
16679899
16653911
16660105
16656456
16684912
16671379
16648562
16657192
16671604
16632657
16690389
16689215
16684594
16651517
16668452
16693866
16635747
16584864
16669644
16691007
16690934
16597818
16705588
16709880
16699637
16712036
16704411
16676815
16703548
16714796
16696447
16713132
16684816
16708900
16722383
16690863
16717403
16728008
16505368
16724709
16714750
1669795
16713662
16718056
16652844
16593365
16723996
16691797
16729755
16739609
16718107
1673655
16695776
16743748
16717995
16753639
16750038
16715684
16745180
16748289
16751547
16749936
16728361
16753801
16722273
16736750
16768935
16751093
16736531
16768855
16754397
16774901
16715172
16768148
16776070
16778224
16753619
16780309
16711376
16762832
16776187
16786496
16776159
16772457
16769918
16779513
16779510
16748385
16790309
16781902
16771035
16781827
16794801
16779267
16782037
16796844
16790768
16802497
16757164
16798952
16798931
16796240
16775513
16800033
16803003
16804846
16747867
16797872
16650262
16804888
16802970
1680629
16796577
16807961
16789452
16805536
16805183
16801233
16808209
16809957
16807780
16806861
16810143
16809669
16814998
16806766
16791589
16815130
16804855
1681659
16814681
16819018
16796953
16818276
16813446
16822754
16824176
16815457
16701836
16826370
16813885
16773083
16839000
1683952
16836008
16824224
16821686
16807091
16828102
16845296
16798764
16809423
16834881
16847071
16849655
16836187
16832300
16847784
16819997
16860235
16849635
16853224
16861403
16861232
16858545
16829656
16851919
16863902
16865974
16859937
16824384
16865109
16870546
16841690
16845057
16863592
1686434
16742971
16862472
16817978
16876606
16862638
16854198
16874749
16880224
16880615
16858023
16876484
16875717
16817995
16879926
16889604
16811693
16801895
16869392
16881945
16893063
16887809
16890460
16892430
16868757
16896068
16898549
16879157
16877325
16893830
16901266
16899695
16891230
16889422
16895258
16892223
16898719
16902738
16860731
16893794
16905094
16880014
16908954
16895011
16879990
16871763
16909688
16906383
16914086
16906481
16909768
16912291
16872706
16911088
16920254
16907499
16904679
16920795
16932753
16845246
16915730
16929029
16920252
16908452
16904354
16920543
16917045
16921273
16917936
16923108
16947366
16920245
16938108
16944955
16931337
16948135
16948268
16949632
16875872
16947403
1690415
16941390
16955727
16937529
16900646
16933546
16954773
16938397
16957985
16958303
16945030
16956036
16956737
16949429
16979251
16962334
16904451
16975501
16968728
16989490
16977297
16939025
16989597
16970195
16973995
16971427
16994094
16982304
16970413
16990751
16949817
16934088
16995252
16979572
16996328
16994933
16973637
17002612
17000038
16933005
17004051
16996188
16991109
17001812
17001895
16959857
16991647
16995809
17005020
17003298
16994952
16995815
17016749
17007504
17014202
17006371
17002994
17000578
17020005
17006381
16989608
16956669
17007801
17019001
17022696
17007283
16941500
16980729
17028382
17017096
17029221
17017969
17025695
17029779
17032047
16990575
17032814
17031943
17022765
17030004
17027653
17028284
17031979
16989532
17031536
17037477
17020632
17036392
17035929
17041024
17037286
17023412
17046578
17039617
17020180
17032956
17007545
17047166
17035279
17037978
17041371
17047220
17039250
17038071
16965012
17005567
17053886
17041655
17049665
17052524
17057259
17052787
17050406
17015799
17035761
17048820
17051455
17054202
17054312
17049944
17062503
17058011
17058365
17038199
17063227
17063001
17060518
17049804
17071048
17055301
17066808
17071169
17065004
17061314
17067712
17072343
17059513
17040731
17078409
17077228
17078492
17046871
17066538
17064043
17080051
17043194
17064595
17058372
17078777
17068969
17083056
17084385
17087076
17079942
17074472
17084022
17093069
17082825
17078546
17070087
17096202
17097621
17080063
17089296
17090347
17085629
17097180
17084126
17089219
17098557
17091156
17089419
17037246
17108297
17095298
17109460
17114156
17087790
17092756
17109139
17101783
17100039
17086565
17113651
17061471
17118631
17106430
17122678
17117365
17117312
17118065
17098055
1710224
17116194
17103889
17111976
1712655
17132535
17132643
17129004
17114683
17102724
17123137
17137213
17132826
17120340
17133480
17137285
17134936
17117266
17128585
17134840
17142565
17142483
17126491
17139398
17076308
17140412
17138201
17144769
17117814
17115223
17141540
17052118
17145499
17144667
17126581
17151436
17150082
17152629
17115171
17170585
17169250
17147082
17170336
17169253
17144573
17147913
17149571
17143441
17138290
17145899
17142578
17171738
17121059
17144058
17181680
17156753
17178212
17181444
17179170
17178868
17178550
17175375
17176469
17179756
17176535
17195001
17196646
17181500
17172622
17194336
17202785
17182689
17179833
17200158
17203921
17155391
17176212
17114857
17197830
17193508
17204448
17190510
17193398
17208759
17197575
17208835
17212391
17212681
17182786
17215186
17131307
17213856
17214622
17203052
1720715
17215216
17204010
17219682
17215233
17216817
17126394
17202603
17137733
17222357
17223618
17229372
17224548
17211792
17205061
17226565
17214961
17220845
17231571
17208750
17231341
17215952
17235707
17220060
17237165
17208288
17200466
17237910
17242164
17245414
17236015
17235789
17237662
17244405
17214713
17203977
17247614
17246443
17247605
17247505
17253501
17247616
17248993
17251901
17251153
17254891
17262285
17254648
17253203
17234010
17233855
17263387
17245753
17228865
17265782
17224613
17258271
17253900
17267966
17272661
17254913
17270613
17261437
17271666
17273253
17273038
17265778
17264428
17276430
17265633
17261908
17279932
17215665
17278960
17278627
17253847
17253838
17184629
17278625
17275491
17267794
17280090
17275274
17279111
17279371
17275011
17243217
17290481
17254928
17290257
17292439
17292006
17290107
17291427
17278007
17281515
17294932
17277446
17296370
17293183
17294868
17282001
17304642
17298255
17300624
17283969
17307050
17301932
17306254
17295001
17284827
17308227
17299491
17297899
17307326
17312404
17300622
17280290
17305811
17308536
17301065
17301082
17304413
17320637
17313899
17319898
17321944
17300864
17315436
17322990
17324631
17308230
17282636
17329220
17321887
17320859
17282325
17329419
17329779
17308496
17329665
17331307
17329867
17318731
17317352
17332022
17326066
17319905
17324937
17329918
17314342
17333388
17334392
17330433
17338292
17342849
17338599
17336857
17340811
17310644
17344836
17332082
17336348
17319566
17338936
17332431
17312709
17340112
17347330
17344165
17342885
17352819
17337015
17351785
17355960
17329730
17356382
17356930
17344157
17350024
17359046
17361672
17356334
17356789
17358455
17363230
17348871
17357373
17358764
17360069
17367481
17349907
17349870
17362026
17340929
17368796
17358809
17271672
17364871
17324703
17371272
17368280
17369199
17362043
17369533
17371798
17373539
17367010
17370790
17280301
17373585
17371590
17373493
17375577
17349802
17372054
17376610
17374706
17379363
17375303
17378270
17374413
17376699
17380333
17374259
17361149
17351672
17384896
17386210
17365916
17387263
17381570
17387127
17383348
17384494
17388509
17378333
17388213
17389477
17388234
17362146
17383652
17389269
17388222
17350099
17390179
17380953
17391537
17378336
17387676
17387135
17393199
17375307
17394166
17390772
17392231
17389807
17394178
17403848
17403097
17401616
17406938
17396073
17408345
17411169
17363196
17373134
17394396
17409357
17400862
17412915
17387193
17401836
17406723
17409756
17413212
17411286
17419403
17383926
17405305
17421940
17395386
17412871
17405981
17394986
17429764
17409812
17424048
17420761
1742655
17425899
17432866
17425382
17418322
17421178
17429810
17428259
17430087
17411825
17414590
17428931
17398074
17440084
17431561
17430152
17438933
17441425
17418410
17417276
17443612
17442034
17435128
17442235
17444966
17447620
17436616
17450120
17433497
17430645
17430141
17455922
17396941
17451423
17456792
17455625
17461347
17455394
17462677
17459616
17468980
17393203
17466553
17461630
17443902
17462996
17461662
17471719
17378393
17472219
17459689
17433654
17451370
17469326
17473127
17476908
17477411
17449098
17467484
17476639
17470480
17473109
17467793
17479189
17480201
17478333
17457420
17483634
17476264
17443695
17482535
17488823
17476477
17488752
17473709
17440165
17486367
17486682
17485719
17480249
17490422
17496515
17493660
17483394
17481769
17493340
17495023
17490306
17502650
17501330
17483357
17493070
17503086
17509547
17495603
17510795
17504270
17511030
17483884
1750780
17508757
17504069
17499744
17480206
17500071
17500019
17461658
17500004
17436889
17498229
17490029
17440052
17689238
17564208
17584369
17717209
17691909
17717234
17580413
17775267
17565261
17749827
17798136
17742953
17556375
17555437
17608139
17721415
17728000
17682114
17520287
17809910
17674018
17718166
17634276
17830968
17743547
17820811
17822590
17871126
17861937
17910191
17860149
17898735
17934694
17842643
17936189
17803123
17880242
17978500
17943452
18040795
17991982
18022755
17993558
18078129
18067452
18088652
18056949
18050133
18056776
18108491
18209274
18162539
18264740
18319052
18128525
18245475
18251020
18311849
17979094
18336189
18361792
18353478
18377580
18330947
17940594
18419665
18477346
18164250
18458511
18468357
18455556
18433692
18452101
18496061
18499585
18482603
18485155
18513170
18523940
18503731
18567953
18549848
18554546
18450432
18530652
18601091
18596054
18597044
18601602
18675127
18613889
18657929
18671737
18664158
18731435
18704412
18720197
18736451
18757102
18724320
18756607
18744384
18066469
18767680
18761547
18606170
18759283
18759016
18779398
18512437
18774397
18779694
18766255
18678812
18835351
18807769
18859069
18822073
18848452
18863175
18875246
18441123
18804059
18845978
18856576
18877032
18901381
18910282
18885851
18912167
18915807
18829885
18915304
18959495
18956521
18959498
18912916
18960758
18924720
18761132
18968361
18944941
18959638
18954905
18963934
18964701
18916066
18982929
18983103
18984310
18973608
18991477
19024865
18991455
19010174
18932510
19013866
1906900
19033444
19046828
19027505
19059356
18989212
19081006
19075947
19086415
19070395
19069177
19091864
19102680
19060438
19152232
1909283
19204133
19155746
19223904
19214966
19211822
19223932
19230324
19215144
19210789
19229136
19162173
19225673
19259241
1927972
19277849
19265291
19246931
19247895
19282593
19258222
19262370
19244960
19299417
19294221
19243944
19292800
19284271
19302776
19312760
19294207
19303785
19312625
19332298
19313892
19263493
19333701
19315369
19016073
19339240
19333391
19306479
19249156
19336320
1935014
19359310
19351862
19398095
19365422
19407840
19396707
19375385
19409338
19401060
19421803
19430963
19408678
19313501
19422380
19363268
19459947
19455864
19443912
19467207
19495341
19470998
19391533
19496524
1950994
19593904
19589400
19442642
19555014
19596834
19619441
19601118
19569088
19606041
19630462
19492854
19633866
19619835
19623726
19631957
19656380
19622105
19546453
19679329
19665656
19671929
19643608
19688146
19680971
19708180
19728257
19715998
19554498
19727863
19767882
19697017
19737481
19741952
19719765
19772563
19769509
19766650
19416605
19755126
19648243
19796092
19782956
19796147
19735727
19799803
19784605
19791197
19796619
19803632
19752379
19799235
19833652
19661688
19825383
19808089
19838065
19844674
19857672
19841161
19839499
19845927
19856509
19878575
19861526
19861637
19880631
19886490
19899405
19884100
19954982
19862833
19947503
19951586
19891099
19911447
19949502
19964805
19968069
19863219
19880022
19972869
20014077
19982024
20023372
19985316
20023628
19983682
19680762
20028954
20024245
19907626
20041915
20048764
19850431
20031908
20063844
20059707
20064047
20086020
20079343
20075841
20074846
20072169
20084858
20052065
20069330
20099398
20043934
20097750
20096146
20104547
20110140
20126339
20104708
20126614
20127034
20129944
20145246
20153264
20154215
20141011
20152626
20140759
20166832
20175714
20078024
20188652
20144359
20179122
20172185
20195518
20195438
20198155
20188565
20207421
20216999
20207728
20210788
20210868
20217351
20252310
20267392
20214924
20164678
20240035
20237853
20271365
20286560
20292557
20312218
20312167
20340140
20320564
20323087
20340461
20358894
20341939
20344877
20198008
20368164
20360207
20280150
20285858
20347501
20376862
20295965
20305865
20399314
20393549
20389201
20407184
20415744
20411533
20413010
20421657
20403732
20411245
20397060
20426613
20409969
20428088
20433888
20433318
20389083
20435397
20443294
20446400
20444356
20454848
20417158
20444285
20457763
20463659
20466938
20471058
20475909
20496857
20493971
20450758
20487948
20457258
20388406
20521822
20519976
20527314
20442005
20540147
20530072
20531386
20470552
20534299
20542596
20546251
20308717
20490302
20526178
20557130
20557657
20547426
20509599
20586123
20552383
20562471
20559053
20580376
20586791
20591081
20608140
20604752
20591915
20603944
20589415
20611395
20615980
20602525
20609483
20649362
20675382
20655843
20633919
20680717
20676246
20658734
20631346
20648622
20683950
20654432
20672034
20690830
20692601
20689432
20700669
20686483
20627421
20729828
20716994
20720202
20729827
20713365
20722762
20732048
20744431
20768851
20760640
20743333
20769705
20768118
20744488
20772902
20774318
20776124
20786225
20781037
20632216
20790903
20776926
20786242
20770839
20793082
20798653
20795546
20801637
20800208
20807598
20805025
20803198
20807952
20803204
20808192
20811551
20808705
20819847
20809512
20811530
20820650
20836794
20846331
20840183
20826875
20833589
20851202
20849243
20849254
20856823
20799543
20851308
20851597
20853015
20869688
20870131
20863625
20858507
20968742
20873059
20884286
20870240
20873197
20728194
20867524
20890002
20971778
20974548
20988304
20846037
20985679
20982019
20994060
20973270
20983607
20998722
21007179
21004302
21007659
21016127
21012118
20837084
21024504
21038876
21022103
21005944
21022966
21033880
21040453
20887085
20988942
21043535
21042821
21054630
21049426
21048291
21051548
21066651
20994963
21061516
21058177
21062520
21074143
21077738
21078689
21084630
21085454
21091643
21013289
21093437
21093847
21056812
21097537
21066138
21104479
21065570
21069203
21101598
21072189
21139462
21117996
21136029
21124542
21158341
21110360
21133163
21179587
21137581
21160782
21126661
21169816
21187119
21180683
21180626
21182774
21157322
21214514
21220947
21210059
21204514
21179417
21215002
21219451
2122942
21207882
21232388
21237133
21231827
21099961
21238739
21247133
21248663
21250945
21263384
21244890
21250967
21257295
21253058
21264759
21268024
21267079
21269284
21266182
21222591
21269607
21292021
21290574
21261617
21290663
21293392
2126824
21265998
21292554
21297718
21294906
21309074
21308139
21304170
21304100
21304776
21303342
21319491
21323790
21323210
21309620
21305630
21273643
21324862
21332872
21325903
21332057
21316214
21281175
21327625
21333270
21342480
21343375
21340845
21333413
21360626
21360424
21345232
21360649
21357773
21372227
21416129
21388807
21395563
21406236
21424169
21410779
21414714
21396106
21376430
21420824
21420845
21428736
21420760
21383969
21393173
21392647
21432546
21441113
21446278
21432780
21439042
21459389
21433516
21433292
21442142
21373632
21433488
21432097
21457411
21431858
21478078
21481090
21480189
21516714
21525048
21550965
21557876
21533535
21548639
21534311
21551162
21534937
21562071
21570120
21596315
21600374
21542153
21581809
21531045
21617984
21604672
21624622
21645701
2164130
21604557
21613361
21623607
21613434
21678744
21661834
21687030
21566471
21690229
21700518
21734854
21740709
21734920
21725693
21746434
21724062
21599990
21481459
21783636
22049219
21766384
21640988
22061249
2297657
21763166
2466300
21697764
22079324
22102369
21751643
22063037
2350125
22068218
21757141
22078165
2853954
2679562
2659921
2842893
2891696
21653713
3136983
3327985
3439327
3625752
329487
3144788
3418179
3663240
3714012
3771753
3934553
3701392
3925194
40243
431920
3203239
4572326
4685027
4589382
554653
4712539
5052725
5653515
5432946
468567
563209
548740
5746436
4767198
20977445
5736326
5812905
621262
6356901
624711
644190
6080019
6789974
6650230
6542924
7139056
6790878
7035236
7088353
6812551
690154
7366943
7408323
7307831
7274737
7432028
7231466
7489831
7460178
6587185
7503234
7526086
7519836
7570359
7583951
755927
7640289
7407986
7708216
7871097
7805175
7808000
7757177
7629221
7794225
7989539
8051401
7871181
8023719
8036180
8153314
8170832
8078517
8145120
809111
8192208
8196756
8215138
8218740
7750126
8189827
8235878
8167189
8170889
827580
8386072
8522599
7986584
8456040
8478911
7710645
8277297
8377781
8578654
8590342
8544299
8701779
8630922
8562272
8220493
8630168
8837901
8597210
8650309
8722523
9122580
8991090
9020404
8849547
9149190
9174900
9364604
937004
9674847
9659195
9590642
9192881
9511500
9384364
9897572
9983971
8707391
965537
998575
8233447
17827217
19340155
19881177
20700593
21344759
20774679
21097433
2085297
3469149
21389208
21570156
21639398
